0.420639 0.914443 0 0.0152744
0.109253 0.466124 14 0.0147107
0.114273 0.403765 13 0.0152414
0.11937 0.504714 15 0.0157583
0.119207 0.652443 14 0.0162333
0.116656 0.397697 15 0.0167938
0.113857 0.481611 12 0.0172796
0.117567 0.494804 12 0.0177927
0.118627 0.441415 12 0.0185977
0.115248 0.499936 12 0.0188262
0.1169 0.563341 13 0.0193462
0.119239 0.504076 12 0.0199086
0.118643 0.442085 12 0.0203778
0.118492 0.558133 13 0.0210661
0.121528 0.510508 14 0.0216857
0.124548 0.450833 12 0.0219364
0.119274 0.504049 13 0.0225619
0.124402 0.62993 12 0.0229683
0.123154 0.63106 14 0.0234378
0.121766 0.62993 14 0.0241242
0.123354 0.473888 12 0.0244383
