0.112136 0.62993 11 0.0147533
0.111211 0.475118 14 0.0147173
0.109574 0.497731 15 0.0147741
0.109631 0.440545 15 0.0147229
0.110095 0.502904 14 0.0147184
0.108754 0.489179 14 0.0147216
0.111406 0.487786 14 0.0147404
0.108295 0.458881 12 0.014764
0.108799 0.417672 14 0.0147403
0.114041 0.513015 12 0.0146954
0.111427 0.589277 13 0.0147259
0.114365 0.489322 12 0.0147277
0.112045 0.542638 13 0.0147528
0.112188 0.523151 11 0.0147208
0.112426 0.431812 13 0.0147256
0.108423 0.43057 12 0.0147679
0.108268 0.538686 13 0.0147105
0.110387 0.488754 14 0.0147246
0.110928 0.483649 13 0.0147461
0.112017 0.460453 11 0.0147315
0.107961 0.381131 14 0.0147189
