0.23563 0.715731 14 0.0144629
0.112564 0.455789 13 0.0147226
0.0755227 0.355266 15 0.0149284
0.0597066 0.433889 16 0.0151586
0.0475451 0.316682 13 0.0153283
0.0439249 0.334056 18 0.0154882
0.0359787 0.239711 16 0.0156669
0.0334726 0.25436 16 0.0158671
0.0303812 0.218514 16 0.0160449
0.0279149 0.27131 19 0.0162467
0.0248205 0.185003 17 0.0163984
0.0215013 0.159061 17 0.0165671
0.0188443 0.140721 17 0.0167576
0.0163696 0.11426 25 0.0169203
0.0156522 0.117332 25 0.0170734
0.0141032 0.0748192 25 0.0172683
0.0161626 0.111208 9 0.0174747
0.0212798 0.12049 4 0.0175601
0.0264652 0.149463 0 0.0177661
0.0323405 0.189794 0 0.0178836
0.0401342 0.265891 0 0.0180301
