0 0.684358 0.924012
1 0.684358 0.869301
2 0.684358 0.797755
3 0.675473 0.717325
4 0.650690 0.684592
5 0.650690 0.684826
6 0.650690 0.675240
7 0.650690 0.662380
8 0.650690 0.660276
9 0.650690 0.653495
10 0.650690 0.650690
11 0.650690 0.658873
12 0.650690 0.652794
13 0.650690 0.664251
14 0.650690 0.653495
15 0.650690 0.660276
16 0.591069 0.649521
17 0.591069 0.645780
18 0.591069 0.624971
19 0.591069 0.596680
20 0.591069 0.595043
21 0.550620 0.592939
22 0.550620 0.588730
23 0.512041 0.592238
24 0.512041 0.566285
25 0.512041 0.539163
26 0.512041 0.524433
27 0.512041 0.516484
28 0.512041 0.535656
29 0.512041 0.513678
30 0.512041 0.515314
31 0.512041 0.523264
32 0.512041 0.527940
33 0.512041 0.518588
34 0.512041 0.530980
35 0.512041 0.520224
36 0.512041 0.522329
37 0.512041 0.518354
38 0.512041 0.515782
39 0.512041 0.512509
40 0.512041 0.520926
41 0.512041 0.531213
42 0.512041 0.526771
43 0.512041 0.531213
44 0.512041 0.512041
45 0.512041 0.519757
46 0.512041 0.514613
47 0.512041 0.516717
48 0.512041 0.521160
49 0.512041 0.512041
50 0.512041 0.512976
51 0.512041 0.515548
52 0.512041 0.525836
53 0.512041 0.518120
54 0.512041 0.517886
55 0.512041 0.519055
56 0.512041 0.516951
57 0.512041 0.524199
58 0.512041 0.519757
59 0.512041 0.533785
60 0.512041 0.512041
61 0.512041 0.514847
62 0.512041 0.516484
63 0.512041 0.534487
64 0.512041 0.512041
65 0.512041 0.516951
66 0.512041 0.531213
67 0.512041 0.515782
68 0.512041 0.529811
69 0.512041 0.530746
70 0.512041 0.518822
71 0.512041 0.521160
72 0.512041 0.516016
73 0.512041 0.527005
74 0.512041 0.512041
75 0.512041 0.512041
76 0.512041 0.517185
77 0.512041 0.531447
78 0.512041 0.528642
79 0.512041 0.515314
80 0.512041 0.532383
81 0.512041 0.519289
82 0.512041 0.524667
83 0.512041 0.513444
84 0.512041 0.521861
85 0.512041 0.512041
86 0.512041 0.515081
87 0.512041 0.516484
88 0.512041 0.518354
89 0.511340 0.525368
90 0.511340 0.537292
91 0.511340 0.518120
92 0.511340 0.522563
93 0.511340 0.527706
94 0.511340 0.511340
95 0.511340 0.517653
96 0.511340 0.512509
97 0.511340 0.514145
98 0.511340 0.514613
99 0.511340 0.511340
100 0.511340 0.538695
101 0.453355 0.510404
102 0.453355 0.505728
103 0.453355 0.489829
104 0.453355 0.462941
105 0.453355 0.474866
106 0.453355 0.464812
107 0.453355 0.458967
108 0.453355 0.458967
109 0.453355 0.453355
110 0.453355 0.460837
111 0.453355 0.453355
112 0.453355 0.468319
113 0.453355 0.456862
114 0.453355 0.453355
115 0.453355 0.459200
116 0.453355 0.463643
117 0.453355 0.467150
118 0.453355 0.455927
119 0.453355 0.453355
120 0.453355 0.458499
121 0.453355 0.463175
122 0.453355 0.455226
123 0.453355 0.473463
124 0.453355 0.453823
125 0.453355 0.460837
126 0.453355 0.456161
127 0.453355 0.453355
128 0.453355 0.456395
129 0.453355 0.456395
130 0.453355 0.467617
131 0.453355 0.458733
132 0.453355 0.466682
133 0.453355 0.457096
134 0.453355 0.461538
135 0.453355 0.458031
136 0.453355 0.475801
137 0.453355 0.453355
138 0.453355 0.472060
139 0.453355 0.456862
140 0.412439 0.466448
141 0.412439 0.454057
142 0.412439 0.444003
143 0.325228 0.421557
144 0.325228 0.416881
145 0.325228 0.376666
146 0.325228 0.329904
147 0.325228 0.337386
148 0.325228 0.325228
149 0.325228 0.345336
150 0.325228 0.326397
151 0.245032 0.327566
152 0.245032 0.322422
153 0.235679 0.305822
154 0.235679 0.256254
155 0.235679 0.255319
156 0.218611 0.241992
157 0.151274 0.246434
158 0.151274 0.242460
159 0.151274 0.210194
160 0.151274 0.180267
161 0.151274 0.158990
162 0.151274 0.155015
163 0.151274 0.154781
164 0.151274 0.170680
165 0.151274 0.182838
166 0.151274 0.180500
167 0.151274 0.152209
168 0.151274 0.160627
169 0.151274 0.155950
170 0.151274 0.160159
171 0.151274 0.175590
172 0.151274 0.168576
173 0.151274 0.160860
174 0.151274 0.163199
175 0.151274 0.178630
176 0.151274 0.160627
177 0.151274 0.163432
178 0.151274 0.172083
179 0.151274 0.183540
180 0.151274 0.172083
181 0.151274 0.151274
182 0.151274 0.168108
183 0.151274 0.173486
184 0.151274 0.164368
185 0.151274 0.178396
186 0.151274 0.151274
187 0.151274 0.162497
188 0.151274 0.151274
189 0.151274 0.168810
190 0.151274 0.162965
191 0.151274 0.160627
192 0.151274 0.178396
193 0.151274 0.160627
194 0.151274 0.177695
195 0.151274 0.164601
196 0.151274 0.162731
197 0.151274 0.194061
198 0.151274 0.163199
199 0.151274 0.175123
200 0.151274 0.156652
201 0.151274 0.172083
202 0.151274 0.169278
203 0.151274 0.173954
204 0.151274 0.162731
205 0.151274 0.151274
206 0.151274 0.163900
207 0.151274 0.162497
208 0.151274 0.173018
209 0.148001 0.160159
210 0.148001 0.177928
211 0.127893 0.155717
212 0.127893 0.159224
213 0.127893 0.173486
214 0.127893 0.140753
215 0.127893 0.148235
216 0.127893 0.140285
217 0.127893 0.154781
218 0.127893 0.145195
219 0.127893 0.142857
220 0.127893 0.129530
221 0.127893 0.147066
222 0.127893 0.148936
223 0.127893 0.166472
224 0.127893 0.131868
225 0.127893 0.127893
226 0.127893 0.135141
227 0.127893 0.127893
228 0.127893 0.153379
229 0.127893 0.139350
230 0.127893 0.137947
231 0.127893 0.160393
232 0.127893 0.159925
233 0.127893 0.132102
234 0.127893 0.163666
235 0.127893 0.142156
236 0.127893 0.129530
237 0.127893 0.152209
238 0.127893 0.152443
239 0.127893 0.161328
240 0.127893 0.153846
241 0.127893 0.140753
242 0.127893 0.127893
243 0.127893 0.151742
244 0.127893 0.133739
245 0.127893 0.149638
246 0.127893 0.129530
247 0.127893 0.129998
248 0.127893 0.134206
249 0.127893 0.152677
250 0.127893 0.151742
251 0.127893 0.135609
252 0.127893 0.138882
253 0.127893 0.137713
254 0.127893 0.138882
255 0.127893 0.134908
256 0.127893 0.129998
257 0.127893 0.140285
258 0.127893 0.130699
259 0.127893 0.151508
260 0.127893 0.127893
261 0.127893 0.174188
262 0.127893 0.127893
263 0.127893 0.147300
264 0.127893 0.169979
265 0.127893 0.160393
266 0.127893 0.156886
267 0.127893 0.143792
268 0.127893 0.142857
269 0.127893 0.143091
270 0.127893 0.130699
271 0.127893 0.154781
272 0.127893 0.166004
273 0.127893 0.143792
274 0.127893 0.133739
275 0.127893 0.131401
276 0.127893 0.139350
277 0.127893 0.140519
278 0.115735 0.154080
279 0.099603 0.145429
280 0.070376 0.151976
281 0.070376 0.133739
282 0.024784 0.131868
283 0.024784 0.093056
284 0.024784 0.083937
285 0.024784 0.040917
286 0.024784 0.037409
287 0.024784 0.047697
288 0.024784 0.042553
289 0.024784 0.037643
290 0.024784 0.043488
291 0.024784 0.036474
292 0.024784 0.026888
293 0.024784 0.034604
294 0.024784 0.037643
295 0.024784 0.055646
296 0.024784 0.048632
297 0.024784 0.057283
298 0.024784 0.060089
299 0.024784 0.034136
300 0.024784 0.042787
-----------------------------------
0 0.432863 0.566131
1 0.432527 0.530690
2 0.399396 0.480938
3 0.386502 0.446540
4 0.366899 0.425372
5 0.366899 0.397645
6 0.358551 0.382402
7 0.358551 0.369321
8 0.341743 0.363247
9 0.341743 0.359147
10 0.335631 0.354638
11 0.327507 0.345209
12 0.327507 0.341110
13 0.327507 0.338687
14 0.327507 0.333209
15 0.327507 0.328961
16 0.327507 0.327507
17 0.323855 0.327582
18 0.321843 0.327284
19 0.321843 0.324787
20 0.317259 0.323482
21 0.317035 0.321134
22 0.317035 0.320836
23 0.316476 0.317892
24 0.316476 0.319532
25 0.313010 0.317669
26 0.313010 0.317557
27 0.313010 0.315172
28 0.310215 0.313122
29 0.310215 0.312824
30 0.309619 0.312265
31 0.307234 0.310998
32 0.301904 0.313010
33 0.301904 0.309880
34 0.301904 0.306749
35 0.301904 0.303619
36 0.301904 0.303171
37 0.301904 0.302165
38 0.301904 0.302128
39 0.301718 0.302091
40 0.301718 0.302873
41 0.290389 0.301494
42 0.290389 0.299780
43 0.290389 0.294376
44 0.290389 0.290650
45 0.273544 0.290836
46 0.273544 0.288525
47 0.268699 0.283457
48 0.268699 0.274774
49 0.268513 0.271755
50 0.268513 0.269183
51 0.257668 0.270339
52 0.246823 0.268960
53 0.246823 0.264264
54 0.246823 0.254910
55 0.246823 0.247755
56 0.246823 0.247643
57 0.246823 0.249618
58 0.246823 0.247084
59 0.244028 0.248537
60 0.244028 0.246674
61 0.244028 0.246264
62 0.237767 0.244736
63 0.237767 0.244773
64 0.237767 0.241568
65 0.237767 0.238773
66 0.237767 0.238475
67 0.237767 0.237879
68 0.237767 0.237767
69 0.237767 0.239034
70 0.237767 0.239742
71 0.237767 0.237767
72 0.237767 0.238512
73 0.237767 0.239183
74 0.237767 0.238922
75 0.237767 0.238773
76 0.237767 0.239332
77 0.237767 0.237879
78 0.237767 0.238363
79 0.237767 0.239556
80 0.235978 0.240152
81 0.235978 0.239146
82 0.235978 0.239109
83 0.235978 0.239295
84 0.235046 0.238177
85 0.231022 0.236090
86 0.231022 0.235307
87 0.231022 0.235941
88 0.231022 0.232326
89 0.231022 0.231133
90 0.231022 0.232140
91 0.231022 0.231543
92 0.231022 0.231320
93 0.231022 0.231655
94 0.231022 0.231282
95 0.231022 0.232438
96 0.231022 0.233518
97 0.231022 0.231469
98 0.231022 0.231990
99 0.231022 0.231990
100 0.231022 0.233779
101 0.231022 0.232810
102 0.231022 0.232065
103 0.227667 0.232177
104 0.227667 0.231282
105 0.227667 0.230015
106 0.227667 0.229754
107 0.227667 0.228860
108 0.227667 0.229158
109 0.227667 0.228264
110 0.227667 0.228823
111 0.227667 0.228972
112 0.227667 0.228711
113 0.224798 0.228711
114 0.224798 0.228189
115 0.224351 0.228636
116 0.224351 0.224910
117 0.224351 0.226251
118 0.224351 0.225394
119 0.224351 0.224537
120 0.219841 0.224351
121 0.219841 0.225953
122 0.219841 0.224761
123 0.219841 0.221146
124 0.219841 0.219841
125 0.219841 0.220959
126 0.218872 0.219953
127 0.218872 0.221183
128 0.218872 0.220251
129 0.218872 0.220214
130 0.218872 0.219245
131 0.218872 0.219208
132 0.218872 0.220885
133 0.218872 0.220773
134 0.218872 0.219319
135 0.218872 0.219394
136 0.218872 0.219916
137 0.218872 0.221220
138 0.218872 0.219357
139 0.218872 0.219506
140 0.218872 0.219394
141 0.218872 0.219879
142 0.218872 0.219767
143 0.218872 0.220512
144 0.218872 0.219357
145 0.217754 0.219618
146 0.217754 0.220326
147 0.210152 0.220475
148 0.206350 0.222189
149 0.206350 0.216487
150 0.203071 0.210711
151 0.203071 0.207506
152 0.201692 0.204971
153 0.201692 0.203816
154 0.201021 0.204152
155 0.201021 0.203406
156 0.201021 0.201655
157 0.201021 0.201617
158 0.201021 0.201096
159 0.201021 0.201953
160 0.193903 0.201916
161 0.193903 0.201170
162 0.193903 0.199232
163 0.191481 0.195468
164 0.189170 0.194127
165 0.186636 0.195170
166 0.186636 0.194723
167 0.184549 0.189096
168 0.184549 0.188201
169 0.182909 0.186673
170 0.180636 0.184363
171 0.176201 0.188723
172 0.172996 0.185108
173 0.172996 0.182164
174 0.171543 0.177878
175 0.171543 0.173890
176 0.171543 0.174226
177 0.171170 0.172102
178 0.171170 0.172549
179 0.169306 0.171766
180 0.161816 0.171878
181 0.157418 0.170424
182 0.157418 0.165952
183 0.157418 0.161294
184 0.157418 0.160288
185 0.157418 0.158983
186 0.157418 0.157604
187 0.152275 0.158238
188 0.152275 0.158387
189 0.152275 0.156486
190 0.152275 0.153989
191 0.152275 0.154101
192 0.143294 0.153095
193 0.143294 0.152089
194 0.143294 0.151716
195 0.143294 0.146685
196 0.143294 0.143294
197 0.143294 0.144449
198 0.143294 0.143294
199 0.140983 0.143480
200 0.140983 0.144300
201 0.140983 0.143666
202 0.140983 0.142548
203 0.134238 0.141803
204 0.134238 0.141468
205 0.134238 0.141505
206 0.134014 0.137555
207 0.134014 0.135579
208 0.134014 0.135915
209 0.134014 0.134871
210 0.134014 0.134946
211 0.134014 0.134349
212 0.134014 0.134797
213 0.134014 0.134014
214 0.134014 0.134014
215 0.134014 0.135877
216 0.134014 0.135579
217 0.134014 0.134014
218 0.134014 0.135169
219 0.134014 0.136250
220 0.134014 0.134312
221 0.134014 0.134014
222 0.134014 0.134014
223 0.134014 0.134014
224 0.134014 0.134797
225 0.134014 0.135207
226 0.134014 0.134797
227 0.134014 0.136772
228 0.134014 0.134759
229 0.134014 0.135207
230 0.134014 0.134648
231 0.134014 0.135207
232 0.132672 0.134461
233 0.132672 0.133940
234 0.132672 0.134499
235 0.130101 0.135318
236 0.132672 0.134461
237 0.130101 0.133418
238 0.130101 0.132523
239 0.130101 0.132412
240 0.130101 0.131517
241 0.130101 0.130325
242 0.130101 0.130921
243 0.130101 0.130325
244 0.130101 0.130511
245 0.130101 0.130660
246 0.130101 0.130735
247 0.123542 0.131890
248 0.123542 0.129877
249 0.123542 0.127120
250 0.123542 0.126039
251 0.123542 0.123989
252 0.123542 0.124101
253 0.123542 0.124436
254 0.123542 0.124809
255 0.123542 0.125182
256 0.123542 0.125144
257 0.123542 0.123952
258 0.123542 0.124287
259 0.123542 0.123654
260 0.123542 0.123915
261 0.123542 0.127157
262 0.123542 0.123840
263 0.123542 0.124436
264 0.123542 0.124846
265 0.123542 0.123877
266 0.123542 0.124213
267 0.123542 0.123542
268 0.123542 0.125778
269 0.123542 0.124250
270 0.123542 0.124436
271 0.123542 0.123542
272 0.123542 0.124511
273 0.123542 0.125703
274 0.123542 0.124585
275 0.123542 0.124362
276 0.123542 0.124511
277 0.123542 0.123915
278 0.123542 0.125517
279 0.123542 0.125443
280 0.123542 0.125480
281 0.123542 0.124436
282 0.123542 0.124660
283 0.123542 0.124436
284 0.109939 0.126188
285 0.109939 0.121082
286 0.109939 0.113778
287 0.109939 0.110834
288 0.109939 0.110722
289 0.109939 0.111281
290 0.109939 0.111989
291 0.109939 0.109939
292 0.109939 0.111355
293 0.109939 0.110461
294 0.109939 0.110051
295 0.109939 0.110610
296 0.109939 0.112101
297 0.109939 0.111728
298 0.109939 0.112213
299 0.109939 0.110610
300 0.109939 0.113256
-----------------------------------
0 0.144591 0.194340
1 0.139014 0.169006
2 0.132038 0.152360
3 0.112322 0.142126
4 0.112322 0.139515
5 0.112322 0.131913
6 0.112322 0.121805
7 0.102109 0.113200
8 0.102109 0.112239
9 0.102109 0.111863
10 0.102109 0.110171
11 0.102109 0.106119
12 0.102109 0.102109
13 0.096429 0.102089
14 0.096429 0.102047
15 0.096429 0.099353
16 0.096429 0.097577
17 0.096429 0.096658
18 0.096429 0.096742
19 0.096429 0.096470
20 0.096429 0.096888
21 0.096429 0.096658
22 0.096429 0.097243
23 0.096429 0.096721
24 0.096429 0.096784
25 0.096429 0.096596
26 0.096429 0.096429
27 0.096429 0.096700
28 0.096429 0.096429
29 0.096429 0.096554
30 0.096429 0.096763
31 0.096429 0.096617
32 0.096429 0.096700
33 0.096429 0.096637
34 0.096429 0.096867
35 0.096429 0.097285
36 0.096429 0.096867
37 0.096429 0.096825
38 0.096429 0.096930
39 0.092899 0.097013
40 0.092899 0.096429
41 0.085986 0.094194
42 0.085986 0.093003
43 0.085986 0.092878
44 0.085631 0.090100
45 0.085631 0.086738
46 0.085631 0.085881
47 0.085631 0.085881
48 0.084712 0.085693
49 0.084712 0.085819
50 0.084712 0.085568
51 0.084712 0.084983
52 0.084712 0.084712
53 0.084712 0.085046
54 0.084712 0.085004
55 0.084712 0.085129
56 0.083083 0.084774
57 0.083083 0.085568
58 0.083083 0.084503
59 0.083062 0.085380
60 0.083062 0.083563
61 0.083062 0.084440
62 0.083062 0.083939
63 0.083062 0.083521
64 0.083062 0.083688
65 0.083062 0.083835
66 0.083062 0.083312
67 0.083062 0.083062
68 0.083062 0.083312
69 0.083062 0.083208
70 0.083062 0.083584
71 0.083062 0.083187
72 0.082331 0.083229
73 0.082331 0.083104
74 0.082331 0.083396
75 0.082331 0.082519
76 0.078404 0.082456
77 0.076420 0.082226
78 0.078404 0.081579
79 0.076420 0.079699
80 0.076420 0.078049
81 0.076211 0.077130
82 0.076211 0.076984
83 0.074081 0.076420
84 0.074081 0.076650
85 0.074081 0.075355
86 0.070990 0.074791
87 0.070990 0.074436
88 0.070990 0.074081
89 0.070990 0.072452
90 0.070990 0.071533
91 0.070990 0.071261
92 0.070990 0.071032
93 0.070990 0.071241
94 0.070990 0.071512
95 0.070990 0.071324
96 0.070990 0.071178
97 0.070990 0.071658
98 0.070990 0.071491
99 0.070990 0.071429
100 0.070990 0.070990
101 0.070990 0.071199
102 0.070990 0.071533
103 0.070990 0.071575
104 0.070990 0.071575
105 0.070593 0.071533
106 0.070593 0.071220
107 0.070593 0.071074
108 0.070593 0.070886
109 0.070593 0.071554
110 0.070593 0.071115
111 0.070593 0.071554
112 0.070593 0.070698
113 0.070593 0.070781
114 0.070593 0.070948
115 0.070593 0.071345
116 0.070593 0.071888
117 0.070593 0.070760
118 0.070593 0.070718
119 0.070593 0.070927
120 0.070593 0.070844
121 0.070593 0.070593
122 0.070593 0.070593
123 0.070593 0.070906
124 0.070593 0.070823
125 0.070593 0.071220
126 0.070593 0.070739
127 0.070593 0.071324
128 0.070593 0.070760
129 0.070593 0.071074
130 0.070593 0.071094
131 0.068150 0.070927
132 0.068150 0.070990
133 0.068150 0.070698
134 0.068150 0.068672
135 0.068150 0.068379
136 0.068150 0.068463
137 0.068150 0.068338
138 0.068150 0.068525
139 0.068150 0.068170
140 0.068150 0.068400
141 0.068150 0.068651
142 0.068150 0.068484
143 0.068150 0.068254
144 0.068150 0.068379
145 0.068150 0.068818
146 0.068150 0.068421
147 0.068150 0.068567
148 0.068150 0.068525
149 0.068150 0.068400
150 0.068150 0.068421
151 0.068150 0.068317
152 0.068150 0.068275
153 0.068150 0.068317
154 0.068150 0.068254
155 0.068150 0.068296
156 0.068150 0.068358
157 0.068150 0.068400
158 0.068150 0.068379
159 0.068150 0.068484
160 0.068150 0.068379
161 0.068150 0.068358
162 0.068150 0.068525
163 0.068150 0.068463
164 0.068150 0.068212
165 0.068150 0.068150
166 0.068150 0.068212
167 0.068150 0.068609
168 0.068150 0.068358
169 0.068150 0.068233
170 0.068150 0.068358
171 0.068150 0.068170
172 0.068150 0.068421
173 0.068150 0.068693
174 0.068150 0.068672
175 0.068150 0.068463
176 0.068150 0.068358
177 0.068150 0.068463
178 0.068150 0.068317
179 0.068150 0.068588
180 0.068150 0.068609
181 0.068150 0.068191
182 0.068150 0.068212
183 0.068150 0.068317
184 0.068150 0.068525
185 0.068150 0.068525
186 0.068150 0.068191
187 0.068150 0.068338
188 0.068150 0.068421
189 0.068150 0.068630
190 0.068150 0.068400
191 0.068150 0.068442
192 0.068150 0.068964
193 0.068150 0.068150
194 0.068150 0.068150
195 0.068150 0.068484
196 0.068150 0.068233
197 0.068150 0.068400
198 0.068150 0.068713
199 0.068150 0.068630
200 0.068150 0.068358
201 0.068150 0.068150
202 0.068150 0.068525
203 0.068150 0.068588
204 0.068150 0.068630
205 0.068150 0.068734
206 0.068150 0.068191
207 0.068150 0.068463
208 0.068150 0.068651
209 0.068150 0.068567
210 0.068150 0.068400
211 0.068150 0.068150
212 0.068150 0.068525
213 0.068150 0.068546
214 0.068150 0.068358
215 0.068150 0.068609
216 0.068150 0.068734
217 0.066165 0.068442
218 0.066165 0.067836
219 0.061445 0.067398
220 0.061445 0.066416
221 0.059691 0.066291
222 0.056871 0.063513
223 0.056871 0.062009
224 0.054825 0.061466
225 0.054825 0.058104
226 0.054825 0.055723
227 0.054825 0.055388
228 0.054825 0.055096
229 0.054825 0.055180
230 0.054825 0.055576
231 0.054825 0.055430
232 0.054825 0.054908
233 0.054825 0.055556
234 0.054825 0.055347
235 0.054825 0.054908
236 0.054825 0.054825
237 0.054825 0.055242
238 0.054825 0.054971
239 0.054825 0.055535
240 0.054825 0.055013
241 0.054825 0.055013
242 0.050230 0.054929
243 0.050230 0.054532
244 0.050230 0.052820
245 0.050230 0.050418
246 0.050230 0.050480
247 0.050230 0.050710
248 0.050230 0.050397
249 0.050230 0.050230
250 0.050230 0.050272
251 0.050146 0.050606
252 0.050146 0.050459
253 0.050146 0.050272
254 0.050146 0.050313
255 0.050146 0.050292
256 0.050146 0.050543
257 0.050146 0.050940
258 0.050146 0.050668
259 0.046053 0.051023
260 0.046053 0.050835
261 0.046053 0.048287
262 0.046053 0.046951
263 0.046053 0.046220
264 0.046053 0.046324
265 0.046053 0.046554
266 0.046053 0.046282
267 0.046053 0.046178
268 0.046053 0.046199
269 0.046053 0.046282
270 0.046053 0.046220
271 0.046053 0.046053
272 0.046053 0.046282
273 0.046053 0.046282
274 0.046053 0.046220
275 0.046053 0.046261
276 0.046053 0.046345
277 0.046053 0.046449
278 0.046053 0.046157
279 0.042732 0.046094
280 0.042732 0.046261
281 0.042732 0.046387
282 0.042732 0.044946
283 0.042732 0.044403
284 0.042732 0.043087
285 0.042732 0.043296
286 0.042732 0.043045
287 0.042732 0.043170
288 0.042732 0.043254
289 0.042732 0.042732
290 0.042732 0.043003
291 0.042732 0.043233
292 0.042732 0.042732
293 0.042732 0.043254
294 0.042732 0.042899
295 0.042732 0.043066
296 0.042732 0.043191
297 0.042732 0.042982
298 0.042732 0.043379
299 0.042732 0.042857
300 0.042732 0.043358
-----------------------------------
0 0.000000 0.003909
1 0.000000 0.002252
2 0.000000 0.001020
3 0.000000 0.000234
4 0.000000 0.000255
5 0.000000 0.000382
6 0.000000 0.000340
7 0.000000 0.000467
8 0.000000 0.000361
9 0.000000 0.000191
10 0.000000 0.000042
11 0.000000 0.000255
12 0.000000 0.000149
13 0.000000 0.000255
14 0.000000 0.000170
15 0.000000 0.000127
16 0.000000 0.000127
17 0.000000 0.000297
18 0.000000 0.000170
19 0.000000 0.000361
20 0.000000 0.000382
21 0.000000 0.000319
22 0.000000 0.000212
23 0.000000 0.000000
24 0.000000 0.000021
25 0.000000 0.000021
26 0.000000 0.000297
27 0.000000 0.000489
28 0.000000 0.000127
29 0.000000 0.000319
30 0.000000 0.000340
31 0.000000 0.000276
32 0.000000 0.000319
33 0.000000 0.000404
34 0.000000 0.000276
35 0.000000 0.000340
36 0.000000 0.000297
37 0.000000 0.000127
38 0.000000 0.000552
39 0.000000 0.000659
40 0.000000 0.000340
41 0.000000 0.000446
42 0.000000 0.000042
43 0.000000 0.000510
44 0.000000 0.000170
45 0.000000 0.000000
46 0.000000 0.000212
47 0.000000 0.000000
48 0.000000 0.000127
49 0.000000 0.000191
50 0.000000 0.000489
51 0.000000 0.000297
52 0.000000 0.000191
53 0.000000 0.000106
54 0.000000 0.000106
55 0.000000 0.000382
56 0.000000 0.000425
57 0.000000 0.000064
58 0.000000 0.000064
59 0.000000 0.000106
60 0.000000 0.000127
61 0.000000 0.000000
62 0.000000 0.000361
63 0.000000 0.000446
64 0.000000 0.000085
65 0.000000 0.000000
66 0.000000 0.000340
67 0.000000 0.000170
68 0.000000 0.000404
69 0.000000 0.000064
70 0.000000 0.000361
71 0.000000 0.000191
72 0.000000 0.000106
73 0.000000 0.000042
74 0.000000 0.000212
75 0.000000 0.000616
76 0.000000 0.000552
77 0.000000 0.000000
78 0.000000 0.000212
79 0.000000 0.000404
80 0.000000 0.000106
81 0.000000 0.000191
82 0.000000 0.000404
83 0.000000 0.000106
84 0.000000 0.000212
85 0.000000 0.000276
86 0.000000 0.000340
87 0.000000 0.000085
88 0.000000 0.000191
89 0.000000 0.000234
90 0.000000 0.000297
91 0.000000 0.000319
92 0.000000 0.000489
93 0.000000 0.000000
94 0.000000 0.000234
95 0.000000 0.000212
96 0.000000 0.000106
97 0.000000 0.000042
98 0.000000 0.000042
99 0.000000 0.000212
100 0.000000 0.000085
101 0.000000 0.000637
102 0.000000 0.000021
103 0.000000 0.000127
104 0.000000 0.000297
105 0.000000 0.000404
106 0.000000 0.000340
107 0.000000 0.000021
108 0.000000 0.000085
109 0.000000 0.000255
110 0.000000 0.000106
111 0.000000 0.000340
112 0.000000 0.000234
113 0.000000 0.000085
114 0.000000 0.000255
115 0.000000 0.000106
116 0.000000 0.000297
117 0.000000 0.000000
118 0.000000 0.000234
119 0.000000 0.000595
120 0.000000 0.000234
121 0.000000 0.000340
122 0.000000 0.000234
123 0.000000 0.000234
124 0.000000 0.000212
125 0.000000 0.000234
126 0.000000 0.000319
127 0.000000 0.000021
128 0.000000 0.000786
129 0.000000 0.000319
130 0.000000 0.000404
131 0.000000 0.000234
132 0.000000 0.000446
133 0.000000 0.000255
134 0.000000 0.000319
135 0.000000 0.000680
136 0.000000 0.000085
137 0.000000 0.000255
138 0.000000 0.000106
139 0.000000 0.000276
140 0.000000 0.000021
141 0.000000 0.000170
142 0.000000 0.000467
143 0.000000 0.000255
144 0.000000 0.000680
145 0.000000 0.000212
146 0.000000 0.000127
147 0.000000 0.000574
148 0.000000 0.000021
149 0.000000 0.000127
150 0.000000 0.000467
151 0.000000 0.000106
152 0.000000 0.000361
153 0.000000 0.000000
154 0.000000 0.000680
155 0.000000 0.000191
156 0.000000 0.000319
157 0.000000 0.000637
158 0.000000 0.000361
159 0.000000 0.000382
160 0.000000 0.000234
161 0.000000 0.000191
162 0.000000 0.000127
163 0.000000 0.000000
164 0.000000 0.000021
165 0.000000 0.000722
166 0.000000 0.000807
167 0.000000 0.000000
168 0.000000 0.000042
169 0.000000 0.000042
170 0.000000 0.000297
171 0.000000 0.000340
172 0.000000 0.000064
173 0.000000 0.000276
174 0.000000 0.000234
175 0.000000 0.000149
176 0.000000 0.000106
177 0.000000 0.000127
178 0.000000 0.000085
179 0.000000 0.000297
180 0.000000 0.000467
181 0.000000 0.000297
182 0.000000 0.000255
183 0.000000 0.000404
184 0.000000 0.000212
185 0.000000 0.000297
186 0.000000 0.000489
187 0.000000 0.000064
188 0.000000 0.000361
189 0.000000 0.000021
190 0.000000 0.000297
191 0.000000 0.000085
192 0.000000 0.000276
193 0.000000 0.000085
194 0.000000 0.000319
195 0.000000 0.000000
196 0.000000 0.000191
197 0.000000 0.001062
198 0.000000 0.000064
199 0.000000 0.000149
200 0.000000 0.000786
201 0.000000 0.000191
202 0.000000 0.000106
203 0.000000 0.000191
204 0.000000 0.000085
205 0.000000 0.000170
206 0.000000 0.000149
207 0.000000 0.000637
208 0.000000 0.000106
209 0.000000 0.000000
210 0.000000 0.000191
211 0.000000 0.000552
212 0.000000 0.000064
213 0.000000 0.000170
214 0.000000 0.000319
215 0.000000 0.000319
216 0.000000 0.000255
217 0.000000 0.000297
218 0.000000 0.000234
219 0.000000 0.000212
220 0.000000 0.000319
221 0.000000 0.000234
222 0.000000 0.000212
223 0.000000 0.000000
224 0.000000 0.000446
225 0.000000 0.000212
226 0.000000 0.000595
227 0.000000 0.000574
228 0.000000 0.000191
229 0.000000 0.000170
230 0.000000 0.000000
231 0.000000 0.000149
232 0.000000 0.000042
233 0.000000 0.000382
234 0.000000 0.000382
235 0.000000 0.000765
236 0.000000 0.000425
237 0.000000 0.000064
238 0.000000 0.000191
239 0.000000 0.000106
240 0.000000 0.000000
241 0.000000 0.000212
242 0.000000 0.000319
243 0.000000 0.000234
244 0.000000 0.000085
245 0.000000 0.000276
246 0.000000 0.000425
247 0.000000 0.000191
248 0.000000 0.000234
249 0.000000 0.000276
250 0.000000 0.000340
251 0.000000 0.000276
252 0.000000 0.000127
253 0.000000 0.000446
254 0.000000 0.000000
255 0.000000 0.000149
256 0.000000 0.000276
257 0.000000 0.000510
258 0.000000 0.000085
259 0.000000 0.000127
260 0.000000 0.000212
261 0.000000 0.000531
262 0.000000 0.000467
263 0.000000 0.000212
264 0.000000 0.000212
265 0.000000 0.000191
266 0.000000 0.000382
267 0.000000 0.000191
268 0.000000 0.000531
269 0.000000 0.000382
270 0.000000 0.000276
271 0.000000 0.000340
272 0.000000 0.000467
273 0.000000 0.000000
274 0.000000 0.000191
275 0.000000 0.000042
276 0.000000 0.000234
277 0.000000 0.000425
278 0.000000 0.000106
279 0.000000 0.000361
280 0.000000 0.000574
281 0.000000 0.000446
282 0.000000 0.000340
283 0.000000 0.000191
284 0.000000 0.000170
285 0.000000 0.000255
286 0.000000 0.000127
287 0.000000 0.000212
288 0.000000 0.000319
289 0.000000 0.000531
290 0.000000 0.000361
291 0.000000 0.000149
292 0.000000 0.000446
293 0.000000 0.000106
294 0.000000 0.000149
295 0.000000 0.000510
296 0.000000 0.000021
297 0.000000 0.000425
298 0.000000 0.000531
299 0.000000 0.000319
300 0.000000 0.000000
-----------------------------------
0 0.333183 0.403686
1 0.322989 0.380612
2 0.307045 0.352440
3 0.307045 0.330797
4 0.286884 0.317264
5 0.286884 0.306744
6 0.282891 0.296776
7 0.282214 0.287612
8 0.271191 0.286030
9 0.271191 0.283620
10 0.271191 0.279803
11 0.258838 0.275133
12 0.258838 0.270111
13 0.258838 0.265818
14 0.258838 0.259190
15 0.258838 0.258838
16 0.258838 0.259014
17 0.258838 0.259842
18 0.258838 0.259466
19 0.258838 0.259390
20 0.258838 0.259215
21 0.258838 0.259164
22 0.258838 0.258838
23 0.258838 0.259290
24 0.258838 0.258888
25 0.258838 0.258863
26 0.258838 0.259993
27 0.258838 0.259139
28 0.258838 0.258989
29 0.258838 0.259817
30 0.257030 0.259290
31 0.250954 0.259641
32 0.250954 0.259114
33 0.250954 0.255775
34 0.250954 0.254017
35 0.248770 0.251682
36 0.245882 0.251808
37 0.245882 0.250603
38 0.235839 0.247765
39 0.235839 0.244702
40 0.232826 0.242116
41 0.229411 0.236617
42 0.226399 0.234031
43 0.226399 0.232349
44 0.226399 0.229236
45 0.226399 0.226750
46 0.226399 0.226800
47 0.226399 0.226976
48 0.226399 0.226524
49 0.226399 0.226675
50 0.226399 0.226474
51 0.226399 0.226901
52 0.223109 0.226951
53 0.226399 0.226499
54 0.223109 0.226624
55 0.223109 0.225972
56 0.223109 0.224465
57 0.219368 0.223059
58 0.215803 0.223260
59 0.215803 0.221528
60 0.215803 0.217761
61 0.206212 0.216029
62 0.206212 0.214799
63 0.206212 0.210455
64 0.206212 0.206413
65 0.206212 0.206940
66 0.206212 0.207015
67 0.206212 0.206739
68 0.202646 0.206463
69 0.202646 0.206463
70 0.195641 0.206337
71 0.195641 0.204881
72 0.195641 0.201968
73 0.195641 0.198604
74 0.195641 0.196194
75 0.195641 0.196194
76 0.195641 0.195842
77 0.195641 0.195792
78 0.195641 0.196545
79 0.195641 0.195641
80 0.195641 0.195867
81 0.195641 0.195993
82 0.195114 0.195742
83 0.195114 0.196169
84 0.195114 0.195742
85 0.195114 0.195566
86 0.195114 0.195214
87 0.195114 0.195717
88 0.195114 0.195641
89 0.195114 0.195390
90 0.195114 0.195717
91 0.195114 0.196420
92 0.195114 0.195214
93 0.195114 0.195315
94 0.192980 0.195440
95 0.192980 0.195265
96 0.184719 0.194788
97 0.182962 0.193532
98 0.181581 0.189866
99 0.177388 0.185950
100 0.173320 0.184820
101 0.173320 0.181129
102 0.171061 0.177287
103 0.171061 0.174500
104 0.168173 0.172994
105 0.166717 0.171688
106 0.166717 0.169604
107 0.166717 0.168424
108 0.163403 0.168374
109 0.160817 0.167671
110 0.160817 0.165913
111 0.160817 0.163955
112 0.160817 0.161695
113 0.160817 0.161695
114 0.160817 0.161369
115 0.160817 0.161545
116 0.160817 0.161595
117 0.160817 0.161846
118 0.160817 0.160942
119 0.160817 0.160992
120 0.160817 0.160817
121 0.160817 0.161068
122 0.160817 0.161570
123 0.160817 0.160967
124 0.160817 0.161319
125 0.160817 0.161168
126 0.160817 0.160817
127 0.160817 0.161746
128 0.160817 0.161168
129 0.160817 0.160967
130 0.160817 0.161093
131 0.160817 0.161017
132 0.160817 0.161695
133 0.157377 0.160942
134 0.157377 0.161118
135 0.157377 0.161520
136 0.157377 0.160289
137 0.157377 0.157929
138 0.157377 0.158306
139 0.157377 0.157703
140 0.151451 0.158607
141 0.151451 0.156799
142 0.151451 0.155519
143 0.151451 0.152707
144 0.151451 0.152631
145 0.151451 0.151677
146 0.151451 0.151928
147 0.151451 0.152531
148 0.151451 0.152405
149 0.151451 0.151803
150 0.151451 0.152405
151 0.151451 0.151753
152 0.151451 0.151979
153 0.151451 0.151878
154 0.151451 0.152255
155 0.151451 0.152456
156 0.151451 0.152255
157 0.148338 0.152255
158 0.148338 0.151250
159 0.144597 0.150196
160 0.144597 0.148011
161 0.144597 0.146781
162 0.144597 0.144798
163 0.138998 0.144923
164 0.138998 0.145275
165 0.138596 0.144773
166 0.138596 0.143668
167 0.138596 0.142513
168 0.138596 0.139776
169 0.138596 0.139224
170 0.138596 0.139098
171 0.138596 0.138822
172 0.138596 0.139249
173 0.138596 0.138998
174 0.138596 0.139048
175 0.137692 0.139450
176 0.137692 0.139098
177 0.137692 0.138496
178 0.137692 0.137993
179 0.137692 0.138044
180 0.137692 0.138470
181 0.137692 0.138646
182 0.137692 0.138596
183 0.137692 0.137692
184 0.137692 0.137742
185 0.137692 0.138797
186 0.137692 0.138320
187 0.137692 0.138295
188 0.137692 0.138370
189 0.137692 0.137742
190 0.137692 0.138470
191 0.137692 0.138496
192 0.137692 0.138521
193 0.137692 0.137868
194 0.137692 0.137918
195 0.137692 0.137692
196 0.137692 0.138320
197 0.137692 0.137692
198 0.137692 0.137692
199 0.137692 0.138420
200 0.137692 0.138044
201 0.137692 0.137918
202 0.137692 0.138797
203 0.137692 0.137692
204 0.137692 0.138671
205 0.137692 0.138345
206 0.137064 0.139148
207 0.137064 0.138546
208 0.137064 0.138646
209 0.137064 0.137893
210 0.137064 0.137416
211 0.137064 0.137064
212 0.137064 0.137592
213 0.137064 0.137441
214 0.137064 0.138018
215 0.137064 0.137240
216 0.137064 0.137617
217 0.137064 0.137391
218 0.137064 0.137843
219 0.134629 0.137140
220 0.132168 0.137064
221 0.132168 0.136085
222 0.132168 0.134077
223 0.132168 0.133022
224 0.132168 0.132419
225 0.132168 0.132369
226 0.132168 0.132193
227 0.130913 0.132545
228 0.130913 0.132570
229 0.125239 0.132118
230 0.125239 0.131465
231 0.125239 0.127749
232 0.125239 0.125942
233 0.125239 0.125239
234 0.125239 0.125590
235 0.125239 0.125841
236 0.125239 0.125464
237 0.125239 0.125239
238 0.125239 0.125464
239 0.125239 0.125565
240 0.124209 0.125590
241 0.124209 0.125113
242 0.124209 0.124962
243 0.124209 0.124761
244 0.124209 0.124310
245 0.124209 0.124460
246 0.124209 0.124259
247 0.124209 0.124209
248 0.124209 0.124586
249 0.124209 0.124209
250 0.124184 0.124209
251 0.124184 0.124787
252 0.123933 0.124912
253 0.123933 0.124310
254 0.118836 0.124058
255 0.118836 0.124184
256 0.117907 0.124033
257 0.117229 0.120845
258 0.117229 0.118886
259 0.117229 0.119439
260 0.117229 0.117731
261 0.117229 0.117254
262 0.112835 0.117154
263 0.112835 0.117279
264 0.112835 0.116526
265 0.112835 0.114417
266 0.112835 0.113463
267 0.112835 0.113639
268 0.112835 0.114141
269 0.112835 0.113689
270 0.112835 0.113011
271 0.112835 0.113538
272 0.112835 0.113011
273 0.112835 0.113614
274 0.112835 0.113036
275 0.112835 0.113865
276 0.112835 0.114216
277 0.112835 0.113086
278 0.112835 0.112835
279 0.112835 0.114442
280 0.112835 0.113061
281 0.112835 0.113111
282 0.112835 0.113588
283 0.112835 0.114040
284 0.112835 0.113488
285 0.112835 0.113111
286 0.112835 0.113237
287 0.112835 0.112961
288 0.112835 0.112885
289 0.112835 0.113614
290 0.112835 0.113086
291 0.112835 0.113388
292 0.112835 0.113513
293 0.112835 0.113262
294 0.112835 0.113262
295 0.112835 0.114317
296 0.112835 0.113262
297 0.112835 0.113237
298 0.112835 0.113187
299 0.112835 0.113388
300 0.112835 0.113890
-----------------------------------
0 0.545111 0.685408
1 0.528702 0.647957
2 0.495792 0.587242
3 0.476925 0.526764
4 0.476925 0.511680
5 0.475932 0.498203
6 0.459003 0.492860
7 0.459003 0.482504
8 0.450350 0.479856
9 0.437961 0.472054
10 0.437961 0.456592
11 0.430443 0.449120
12 0.412190 0.442453
13 0.410724 0.433091
14 0.407887 0.422546
15 0.405145 0.412805
16 0.405145 0.411859
17 0.405145 0.408975
18 0.392756 0.407178
19 0.392756 0.404766
20 0.392756 0.399376
21 0.392756 0.396870
22 0.392756 0.394080
23 0.382968 0.393465
24 0.382968 0.394364
25 0.378901 0.392141
26 0.373841 0.390628
27 0.355589 0.382684
28 0.352421 0.372376
29 0.352421 0.360980
30 0.352421 0.355873
31 0.352421 0.354502
32 0.352421 0.352421
33 0.352421 0.353840
34 0.352421 0.353745
35 0.352421 0.354171
36 0.352421 0.354502
37 0.352421 0.354927
38 0.352421 0.352421
39 0.352421 0.355258
40 0.352421 0.353934
41 0.352421 0.353650
42 0.352421 0.352421
43 0.352421 0.353981
44 0.352421 0.353650
45 0.337290 0.355211
46 0.337290 0.353130
47 0.327265 0.346321
48 0.327265 0.340789
49 0.327265 0.331663
50 0.327265 0.328636
51 0.325657 0.330575
52 0.325657 0.327265
53 0.325657 0.331852
54 0.325657 0.329724
55 0.325657 0.327691
56 0.325657 0.326367
57 0.325657 0.326083
58 0.325657 0.328116
59 0.325657 0.326839
60 0.325232 0.325988
61 0.324853 0.328305
62 0.314923 0.327029
63 0.314923 0.327738
64 0.314923 0.322442
65 0.308634 0.317666
66 0.308634 0.316673
67 0.308634 0.316578
68 0.308634 0.312275
69 0.308634 0.310620
70 0.308634 0.308634
71 0.308634 0.309202
72 0.308634 0.310006
73 0.287781 0.308493
74 0.286410 0.307358
75 0.286410 0.298799
76 0.286410 0.290571
77 0.286410 0.288301
78 0.286410 0.288963
79 0.286410 0.286836
80 0.286410 0.287781
81 0.286410 0.286410
82 0.286410 0.286410
83 0.286410 0.287829
84 0.286410 0.287214
85 0.286410 0.288727
86 0.286410 0.286788
87 0.286410 0.288112
88 0.286410 0.288160
89 0.286410 0.286410
90 0.286410 0.287734
91 0.286410 0.286410
92 0.286410 0.286410
93 0.286410 0.287450
94 0.286410 0.286836
95 0.286410 0.287072
96 0.286410 0.288538
97 0.275629 0.287403
98 0.275629 0.286694
99 0.275629 0.288585
100 0.275629 0.282769
101 0.275629 0.279743
102 0.275629 0.278939
103 0.275629 0.275865
104 0.275629 0.278040
105 0.275629 0.276811
106 0.275629 0.276669
107 0.275629 0.276953
108 0.275629 0.276007
109 0.275629 0.277709
110 0.275629 0.275629
111 0.275629 0.276480
112 0.275629 0.277095
113 0.275629 0.276622
114 0.275629 0.277000
115 0.270569 0.276433
116 0.270569 0.275392
117 0.270569 0.276858
118 0.270569 0.272319
119 0.262200 0.271137
120 0.262200 0.270711
121 0.262200 0.270333
122 0.262200 0.265131
123 0.262200 0.264800
124 0.262200 0.262294
125 0.262200 0.262200
126 0.262200 0.262578
127 0.262200 0.263145
128 0.262200 0.265368
129 0.262200 0.262625
130 0.262200 0.262767
131 0.258370 0.262483
132 0.258370 0.262247
133 0.258370 0.261443
134 0.258370 0.260356
135 0.258370 0.259835
136 0.258370 0.260308
137 0.258370 0.261159
138 0.258370 0.260403
139 0.258370 0.260639
140 0.258370 0.258417
141 0.258370 0.258890
142 0.253641 0.259788
143 0.253641 0.260781
144 0.242434 0.260261
145 0.253641 0.256762
146 0.242434 0.254019
147 0.242434 0.251229
148 0.242434 0.243333
149 0.242434 0.245177
150 0.242434 0.242813
151 0.242434 0.242434
152 0.242434 0.243475
153 0.242434 0.242434
154 0.242434 0.243285
155 0.242434 0.242434
156 0.242434 0.245082
157 0.242434 0.243096
158 0.242434 0.244326
159 0.242434 0.243333
160 0.242434 0.244231
161 0.235247 0.244184
162 0.235247 0.242860
163 0.235247 0.241914
164 0.235247 0.237138
165 0.235247 0.235862
166 0.235247 0.239455
167 0.235247 0.236524
168 0.235247 0.237233
169 0.235247 0.237327
170 0.235247 0.236145
171 0.235247 0.236287
172 0.235247 0.235247
173 0.235247 0.237138
174 0.235247 0.236524
175 0.235247 0.235814
176 0.235247 0.235578
177 0.235247 0.235389
178 0.235247 0.236145
179 0.235247 0.237658
180 0.235247 0.235247
181 0.235247 0.236760
182 0.235247 0.235247
183 0.235247 0.235531
184 0.235247 0.236807
185 0.235247 0.235247
186 0.235247 0.239172
187 0.235247 0.235956
188 0.235247 0.235247
189 0.235247 0.236051
190 0.235247 0.236665
191 0.235247 0.235247
192 0.235247 0.239834
193 0.235247 0.236051
194 0.235247 0.237469
195 0.235247 0.235483
196 0.235247 0.236476
197 0.235247 0.236003
198 0.235247 0.238462
199 0.235247 0.238699
200 0.235247 0.237375
201 0.235247 0.236476
202 0.235247 0.235625
203 0.235247 0.237658
204 0.235247 0.236145
205 0.235247 0.238037
206 0.235247 0.237044
207 0.235247 0.236665
208 0.235247 0.237469
209 0.235247 0.236287
210 0.235247 0.236287
211 0.235247 0.237422
212 0.235247 0.235909
213 0.235247 0.236240
214 0.235247 0.237989
215 0.235247 0.235578
216 0.235247 0.235578
217 0.235247 0.238226
218 0.235247 0.238273
219 0.235247 0.239172
220 0.235247 0.237233
221 0.235247 0.236382
222 0.235247 0.236382
223 0.235247 0.237186
224 0.235247 0.236382
225 0.235247 0.237091
226 0.235247 0.237848
227 0.235247 0.235814
228 0.235247 0.236618
229 0.235247 0.235247
230 0.235247 0.237327
231 0.235247 0.235483
232 0.235247 0.236145
233 0.235247 0.235720
234 0.235247 0.235956
235 0.235247 0.235720
236 0.235247 0.237942
237 0.235247 0.238746
238 0.235247 0.237422
239 0.235247 0.238320
240 0.235247 0.236618
241 0.235247 0.237186
242 0.235247 0.236429
243 0.229620 0.235531
244 0.229620 0.234727
245 0.221770 0.233828
246 0.221770 0.229289
247 0.217231 0.227634
248 0.217231 0.223236
249 0.217231 0.220683
250 0.217231 0.221912
251 0.217231 0.217704
252 0.217231 0.217988
253 0.217231 0.217751
254 0.217231 0.220305
255 0.217231 0.218035
256 0.217231 0.220257
257 0.217231 0.221723
258 0.217231 0.217704
259 0.215860 0.219170
260 0.205504 0.217562
261 0.205504 0.216238
262 0.205504 0.214914
263 0.201296 0.208105
264 0.201296 0.206828
265 0.201296 0.206781
266 0.201296 0.205268
267 0.201296 0.203944
268 0.201296 0.202005
269 0.201296 0.201296
270 0.201296 0.204369
271 0.201296 0.203092
272 0.201296 0.201296
273 0.201296 0.201674
274 0.201296 0.201721
275 0.201296 0.201532
276 0.201296 0.204700
277 0.201296 0.204747
278 0.201296 0.201910
279 0.201296 0.203282
280 0.201296 0.201296
281 0.201296 0.204606
282 0.201296 0.203565
283 0.201296 0.202525
284 0.201296 0.201721
285 0.201296 0.203282
286 0.201296 0.202572
287 0.201296 0.206024
288 0.201296 0.205551
289 0.201296 0.203849
290 0.201296 0.201674
291 0.201296 0.201768
292 0.201296 0.203944
293 0.201296 0.201674
294 0.201296 0.202525
295 0.201296 0.203707
296 0.201296 0.203944
297 0.201296 0.203045
298 0.201296 0.204085
299 0.201296 0.202478
300 0.201296 0.202052
-----------------------------------
0 0.158164 0.218414
1 0.158164 0.191535
2 0.146167 0.173630
3 0.123967 0.160665
4 0.123967 0.149413
5 0.119047 0.140501
6 0.119047 0.133161
7 0.113602 0.126205
8 0.109328 0.121043
9 0.104569 0.116365
10 0.103198 0.111768
11 0.103198 0.108763
12 0.102512 0.106646
13 0.102512 0.103742
14 0.101161 0.103500
15 0.100476 0.102613
16 0.100476 0.101928
17 0.096766 0.100960
18 0.096766 0.100476
19 0.096766 0.099306
20 0.096766 0.097129
21 0.096181 0.097088
22 0.096181 0.096725
23 0.096181 0.097068
24 0.096181 0.096806
25 0.096181 0.096221
26 0.089043 0.096221
27 0.089043 0.095677
28 0.089043 0.093197
29 0.089043 0.089809
30 0.089043 0.089104
31 0.089043 0.089487
32 0.089043 0.089043
33 0.089043 0.089305
34 0.087006 0.089144
35 0.087006 0.089608
36 0.087006 0.089144
37 0.080796 0.089345
38 0.080796 0.087894
39 0.080796 0.087006
40 0.080796 0.085051
41 0.080796 0.082933
42 0.080796 0.080998
43 0.080796 0.080877
44 0.080796 0.080978
45 0.080796 0.081119
46 0.080796 0.081240
47 0.080796 0.081441
48 0.080796 0.080836
49 0.079203 0.081381
50 0.079203 0.080978
51 0.079203 0.080695
52 0.079203 0.079647
53 0.079203 0.079727
54 0.079203 0.079405
55 0.079203 0.079506
56 0.079203 0.079405
57 0.079203 0.079485
58 0.079203 0.079506
59 0.079203 0.079284
60 0.079203 0.079828
61 0.079203 0.079768
62 0.079203 0.079707
63 0.079203 0.079425
64 0.079203 0.079264
65 0.079203 0.079465
66 0.079203 0.079364
67 0.079203 0.079465
68 0.079203 0.079304
69 0.079203 0.079364
70 0.079203 0.079284
71 0.079203 0.079606
72 0.077489 0.079385
73 0.073577 0.079223
74 0.073577 0.078356
75 0.073577 0.077792
76 0.073577 0.075533
77 0.073577 0.074061
78 0.073577 0.073759
79 0.073577 0.074082
80 0.073577 0.073799
81 0.073577 0.073779
82 0.073577 0.073961
83 0.073577 0.073940
84 0.073577 0.073658
85 0.073577 0.073759
86 0.073577 0.073759
87 0.073577 0.073840
88 0.073577 0.073719
89 0.073577 0.073779
90 0.073577 0.073880
91 0.073577 0.073920
92 0.073577 0.073860
93 0.073577 0.073658
94 0.073577 0.073759
95 0.073577 0.073577
96 0.070936 0.073900
97 0.070936 0.073295
98 0.070936 0.072589
99 0.070936 0.071198
100 0.070936 0.071380
101 0.070936 0.071218
102 0.070936 0.071077
103 0.070936 0.071178
104 0.070936 0.071097
105 0.070936 0.071319
106 0.070936 0.071017
107 0.070936 0.071380
108 0.070936 0.071178
109 0.070936 0.071158
110 0.070936 0.071642
111 0.070936 0.070976
112 0.070936 0.071138
113 0.070936 0.071319
114 0.070936 0.071359
115 0.070936 0.071501
116 0.070936 0.071198
117 0.070936 0.072045
118 0.070936 0.071440
119 0.070936 0.070936
120 0.070936 0.071259
121 0.070936 0.071138
122 0.070936 0.071501
123 0.070936 0.071259
124 0.070936 0.071218
125 0.070936 0.071319
126 0.070936 0.071238
127 0.070936 0.071057
128 0.070936 0.071359
129 0.070936 0.071178
130 0.070936 0.070976
131 0.070936 0.071178
132 0.070936 0.071864
133 0.070936 0.071541
134 0.070775 0.071097
135 0.070775 0.071924
136 0.070069 0.071400
137 0.070069 0.071037
138 0.070069 0.071238
139 0.068940 0.071077
140 0.068940 0.069948
141 0.068940 0.070049
142 0.066379 0.069283
143 0.066379 0.068778
144 0.066379 0.067871
145 0.066379 0.066984
146 0.066379 0.066520
147 0.066379 0.066722
148 0.066379 0.066379
149 0.066379 0.066843
150 0.063435 0.066339
151 0.063435 0.066681
152 0.063435 0.066439
153 0.063435 0.065371
154 0.063435 0.063899
155 0.063435 0.063697
156 0.063435 0.063455
157 0.063435 0.064363
158 0.063435 0.063738
159 0.063435 0.063959
160 0.058939 0.063899
161 0.058939 0.063596
162 0.058939 0.063738
163 0.058939 0.062044
164 0.058939 0.060249
165 0.058939 0.059140
166 0.052607 0.059201
167 0.052607 0.058939
168 0.052607 0.058555
169 0.052123 0.055612
170 0.052123 0.053898
171 0.052123 0.053353
172 0.052123 0.053696
173 0.052123 0.053918
174 0.052123 0.052567
175 0.052123 0.052123
176 0.052123 0.052365
177 0.052123 0.052244
178 0.052123 0.052406
179 0.052123 0.052285
180 0.052123 0.052426
181 0.052123 0.052123
182 0.052123 0.052123
183 0.052123 0.052607
184 0.052123 0.052123
185 0.052123 0.052506
186 0.052123 0.052184
187 0.052123 0.052385
188 0.052123 0.052406
189 0.052123 0.052567
190 0.052123 0.052224
191 0.052123 0.052305
192 0.052123 0.052527
193 0.052123 0.052325
194 0.052123 0.052224
195 0.052123 0.052345
196 0.052123 0.052204
197 0.052123 0.052547
198 0.052123 0.052446
199 0.052123 0.052406
200 0.052123 0.052567
201 0.052123 0.052527
202 0.052123 0.052244
203 0.052123 0.052627
204 0.052123 0.052426
205 0.052123 0.052345
206 0.052123 0.052365
207 0.051942 0.052607
208 0.049341 0.052446
209 0.049341 0.053474
210 0.049341 0.050954
211 0.048958 0.049542
212 0.048958 0.049986
213 0.044582 0.049603
214 0.044582 0.049119
215 0.044582 0.048232
216 0.044582 0.045348
217 0.044582 0.044683
218 0.044582 0.045005
219 0.044582 0.044965
220 0.044582 0.045086
221 0.044582 0.044642
222 0.044582 0.045429
223 0.044582 0.045086
224 0.044582 0.044784
225 0.044582 0.044582
226 0.044582 0.045005
227 0.042868 0.045147
228 0.042868 0.044905
229 0.042868 0.044663
230 0.042868 0.043453
231 0.042868 0.043251
232 0.042868 0.043433
233 0.042868 0.043090
234 0.042868 0.043433
235 0.042868 0.043211
236 0.042868 0.043352
237 0.042868 0.043150
238 0.042868 0.042868
239 0.042868 0.043392
240 0.042868 0.042868
241 0.042868 0.043554
242 0.042868 0.043352
243 0.042868 0.043453
244 0.042868 0.043312
245 0.042868 0.043937
246 0.042868 0.043251
247 0.042868 0.042949
248 0.042868 0.043171
249 0.041053 0.043433
250 0.041053 0.042808
251 0.041053 0.042828
252 0.041053 0.042404
253 0.040166 0.041860
254 0.040166 0.041174
255 0.039501 0.041920
256 0.039501 0.040912
257 0.039501 0.040186
258 0.039501 0.040590
259 0.039501 0.040670
260 0.039501 0.041194
261 0.039501 0.040085
262 0.039501 0.039723
263 0.039501 0.040025
264 0.039501 0.040126
265 0.039501 0.039602
266 0.039501 0.040408
267 0.039501 0.039501
268 0.039501 0.039642
269 0.039501 0.039622
270 0.039501 0.039904
271 0.039501 0.040085
272 0.039501 0.039944
273 0.039501 0.040085
274 0.039501 0.039864
275 0.039501 0.039581
276 0.039501 0.039602
277 0.039501 0.040146
278 0.039501 0.039622
279 0.039501 0.039581
280 0.039501 0.039783
281 0.039501 0.039783
282 0.039501 0.039662
283 0.039501 0.039682
284 0.039501 0.039803
285 0.039501 0.039581
286 0.039501 0.040005
287 0.039501 0.039864
288 0.039501 0.039904
289 0.039501 0.039702
290 0.039501 0.039682
291 0.039501 0.039642
292 0.039501 0.040388
293 0.039501 0.039581
294 0.039501 0.039884
295 0.039501 0.039924
296 0.039501 0.039702
297 0.039501 0.039803
298 0.039501 0.039864
299 0.039501 0.039884
300 0.039501 0.040065
-----------------------------------
0 0.163079 0.219102
1 0.160192 0.196977
2 0.160192 0.177863
3 0.150913 0.165801
4 0.150522 0.160233
5 0.150522 0.158027
6 0.136954 0.151202
7 0.118458 0.147037
8 0.118458 0.133057
9 0.114500 0.124088
10 0.114500 0.118768
11 0.114500 0.116293
12 0.114500 0.114788
13 0.114500 0.114809
14 0.114500 0.114768
15 0.114500 0.114520
16 0.114500 0.114561
17 0.114500 0.114500
18 0.114500 0.114500
19 0.114500 0.115015
20 0.114500 0.114788
21 0.114500 0.114500
22 0.114500 0.114685
23 0.114500 0.114788
24 0.114500 0.114706
25 0.114500 0.114891
26 0.114500 0.115056
27 0.114500 0.114541
28 0.114500 0.114644
29 0.114500 0.114850
30 0.114273 0.114520
31 0.111860 0.115077
32 0.111860 0.114603
33 0.110108 0.114665
34 0.110108 0.113799
35 0.110108 0.112664
36 0.110108 0.111633
37 0.110046 0.110541
38 0.107654 0.110499
39 0.107654 0.110273
40 0.107654 0.109840
41 0.107654 0.108128
42 0.105386 0.108046
43 0.105386 0.107510
44 0.105386 0.107159
45 0.105386 0.105757
46 0.102355 0.105510
47 0.102355 0.105654
48 0.099819 0.104685
49 0.099819 0.102850
50 0.099386 0.101571
51 0.099386 0.100540
52 0.097983 0.100602
53 0.097983 0.100148
54 0.097963 0.099880
55 0.097963 0.100334
56 0.097963 0.098540
57 0.097963 0.098313
58 0.097963 0.097963
59 0.096396 0.098416
60 0.096396 0.097983
61 0.096396 0.097674
62 0.096396 0.096808
63 0.096396 0.096396
64 0.096396 0.096602
65 0.096396 0.096746
66 0.092787 0.096437
67 0.092787 0.096334
68 0.090313 0.094932
69 0.090313 0.093055
70 0.090313 0.092725
71 0.090313 0.091282
72 0.090313 0.090725
73 0.090313 0.090313
74 0.090313 0.090705
75 0.090313 0.090457
76 0.090313 0.090519
77 0.090313 0.090354
78 0.083921 0.090313
79 0.083921 0.089715
80 0.083921 0.087282
81 0.083921 0.084333
82 0.083921 0.084272
83 0.077343 0.083880
84 0.077343 0.083880
85 0.074828 0.081756
86 0.075096 0.078519
87 0.074477 0.077508
88 0.074477 0.077178
89 0.073714 0.075570
90 0.073446 0.074622
91 0.073446 0.075137
92 0.073446 0.074745
93 0.073446 0.073982
94 0.073446 0.073714
95 0.073446 0.073797
96 0.073446 0.073838
97 0.073446 0.073756
98 0.073446 0.073632
99 0.073446 0.074044
100 0.073446 0.074519
101 0.073446 0.073591
102 0.073446 0.074127
103 0.073446 0.073735
104 0.073446 0.074209
105 0.073446 0.073591
106 0.073446 0.073714
107 0.073446 0.073756
108 0.073446 0.073756
109 0.073446 0.074457
110 0.070250 0.073570
111 0.070250 0.073694
112 0.070250 0.073446
113 0.070250 0.073240
114 0.070250 0.071611
115 0.070250 0.070477
116 0.070250 0.070498
117 0.070250 0.070745
118 0.070250 0.070498
119 0.070250 0.070848
120 0.070188 0.070725
121 0.066106 0.070518
122 0.066106 0.070147
123 0.066106 0.069322
124 0.066106 0.066931
125 0.066106 0.066147
126 0.066106 0.066106
127 0.066106 0.066889
128 0.066106 0.066291
129 0.066106 0.066312
130 0.066106 0.066353
131 0.066106 0.066498
132 0.066106 0.066271
133 0.066106 0.066209
134 0.066106 0.066126
135 0.066106 0.066312
136 0.066106 0.066209
137 0.066106 0.066951
138 0.064085 0.066415
139 0.064085 0.066312
140 0.064085 0.066394
141 0.064085 0.066106
142 0.064085 0.064085
143 0.064085 0.064724
144 0.064085 0.064456
145 0.064085 0.064333
146 0.064085 0.064786
147 0.064085 0.064456
148 0.064085 0.064436
149 0.064085 0.064498
150 0.064085 0.064147
151 0.061219 0.064044
152 0.061219 0.063941
153 0.061219 0.063570
154 0.061219 0.062559
155 0.060291 0.061219
156 0.060291 0.061570
157 0.060291 0.061776
158 0.060291 0.061920
159 0.060291 0.061405
160 0.060291 0.060724
161 0.060250 0.060539
162 0.060250 0.060972
163 0.060250 0.060559
164 0.060250 0.060807
165 0.060250 0.060312
166 0.060250 0.060435
167 0.060250 0.060559
168 0.060250 0.060497
169 0.060250 0.060662
170 0.057301 0.060518
171 0.057301 0.060209
172 0.057301 0.059776
173 0.057301 0.058270
174 0.057301 0.057508
175 0.057301 0.057961
176 0.057301 0.057363
177 0.057301 0.057652
178 0.057301 0.057611
179 0.057301 0.057466
180 0.052868 0.057796
181 0.052868 0.057033
182 0.052868 0.055920
183 0.052662 0.053590
184 0.051157 0.052827
185 0.051157 0.052951
186 0.049755 0.053982
187 0.049755 0.051363
188 0.049755 0.051116
189 0.049095 0.051734
190 0.049095 0.051033
191 0.049095 0.050043
192 0.049095 0.049878
193 0.049095 0.049445
194 0.049095 0.049404
195 0.049095 0.049734
196 0.049095 0.049528
197 0.048806 0.049198
198 0.048806 0.049383
199 0.048806 0.049260
200 0.048806 0.049775
201 0.048806 0.049569
202 0.048806 0.048992
203 0.048806 0.048930
204 0.048806 0.049363
205 0.048806 0.048992
206 0.048806 0.049301
207 0.048806 0.048971
208 0.048806 0.048992
209 0.048806 0.049054
210 0.048806 0.049115
211 0.048806 0.049239
212 0.048806 0.049487
213 0.048806 0.049115
214 0.048806 0.048930
215 0.048806 0.048992
216 0.048806 0.049012
217 0.048806 0.049404
218 0.048806 0.049177
219 0.048806 0.048992
220 0.048806 0.049033
221 0.048806 0.049239
222 0.048806 0.049074
223 0.048806 0.049404
224 0.048806 0.049095
225 0.048806 0.048971
226 0.048806 0.049239
227 0.048806 0.049404
228 0.048806 0.048868
229 0.048806 0.048889
230 0.048806 0.049012
231 0.048806 0.049260
232 0.048806 0.049115
233 0.048806 0.048971
234 0.048806 0.048930
235 0.048806 0.049342
236 0.048806 0.049136
237 0.048806 0.049054
238 0.048806 0.049095
239 0.048806 0.049177
240 0.048806 0.049301
241 0.048806 0.048950
242 0.048806 0.048889
243 0.048806 0.049054
244 0.048806 0.049363
245 0.048806 0.049095
246 0.048806 0.048909
247 0.048806 0.049816
248 0.048806 0.049115
249 0.048806 0.048992
250 0.048806 0.049425
251 0.048806 0.049157
252 0.048806 0.048971
253 0.048806 0.049342
254 0.048806 0.049074
255 0.048806 0.049012
256 0.048806 0.049404
257 0.048806 0.049012
258 0.048806 0.049280
259 0.048806 0.048806
260 0.048806 0.049425
261 0.048806 0.049219
262 0.048806 0.049074
263 0.048806 0.049260
264 0.047198 0.049095
265 0.047198 0.049012
266 0.047198 0.048682
267 0.047198 0.047837
268 0.047198 0.047404
269 0.047198 0.047198
270 0.047198 0.047342
271 0.047198 0.047548
272 0.042435 0.047177
273 0.041589 0.046847
274 0.041589 0.045981
275 0.041589 0.042930
276 0.041589 0.042064
277 0.041589 0.041754
278 0.041589 0.041589
279 0.041589 0.041940
280 0.041589 0.041692
281 0.041589 0.042022
282 0.041589 0.041816
283 0.041589 0.041919
284 0.041589 0.042043
285 0.041589 0.041692
286 0.041589 0.041816
287 0.041589 0.041589
288 0.041589 0.042022
289 0.041589 0.041775
290 0.041589 0.042043
291 0.041589 0.042084
292 0.041589 0.041857
293 0.041589 0.041775
294 0.041589 0.041713
295 0.041589 0.041960
296 0.041589 0.041899
297 0.041589 0.042311
298 0.041589 0.041878
299 0.041589 0.042167
300 0.041589 0.041919
-----------------------------------
0 0.232431 0.304731
1 0.232431 0.265222
2 0.216071 0.245593
3 0.216071 0.234916
4 0.199250 0.225298
5 0.199250 0.217474
6 0.194993 0.209144
7 0.192623 0.199802
8 0.192416 0.197455
9 0.182245 0.195384
10 0.177114 0.191035
11 0.172557 0.184293
12 0.174743 0.180358
13 0.172557 0.177252
14 0.171315 0.177712
15 0.171315 0.175595
16 0.165700 0.174030
17 0.165700 0.171844
18 0.165700 0.170072
19 0.163928 0.168231
20 0.163928 0.165907
21 0.163928 0.165470
22 0.163928 0.164688
23 0.163928 0.164642
24 0.157255 0.164112
25 0.157255 0.164020
26 0.157255 0.162272
27 0.157255 0.158912
28 0.153827 0.157508
29 0.153827 0.157071
30 0.152906 0.157140
31 0.150950 0.155253
32 0.150950 0.154379
33 0.145267 0.153251
34 0.144553 0.151457
35 0.140826 0.149639
36 0.140826 0.145934
37 0.140826 0.144277
38 0.140826 0.142068
39 0.140826 0.141171
40 0.140826 0.141079
41 0.140826 0.141079
42 0.140826 0.141309
43 0.140826 0.141447
44 0.140826 0.141056
45 0.140826 0.141056
46 0.140826 0.141217
47 0.140826 0.141815
48 0.140826 0.140849
49 0.140826 0.141263
50 0.140826 0.140872
51 0.140826 0.140964
52 0.140826 0.141217
53 0.140826 0.141999
54 0.140826 0.141171
55 0.140826 0.140987
56 0.140826 0.140826
57 0.140826 0.141194
58 0.140826 0.141125
59 0.140826 0.141056
60 0.140826 0.141355
61 0.140826 0.141171
62 0.140826 0.141217
63 0.140826 0.141194
64 0.140826 0.141148
65 0.137489 0.141355
66 0.136270 0.141148
67 0.136270 0.140135
68 0.136270 0.138110
69 0.136270 0.136477
70 0.136270 0.136569
71 0.136270 0.136385
72 0.136270 0.136845
73 0.130977 0.136661
74 0.130264 0.136546
75 0.128538 0.134452
76 0.128538 0.131759
77 0.124465 0.130540
78 0.124465 0.128791
79 0.124465 0.129504
80 0.122923 0.125754
81 0.122923 0.124741
82 0.119219 0.123890
83 0.119219 0.122946
84 0.119219 0.123176
85 0.119219 0.120185
86 0.119219 0.119978
87 0.119219 0.119265
88 0.115767 0.119656
89 0.115767 0.118942
90 0.115767 0.117953
91 0.115767 0.116089
92 0.115767 0.116250
93 0.115767 0.116135
94 0.115767 0.116227
95 0.115767 0.116733
96 0.112223 0.116043
97 0.112223 0.115606
98 0.112223 0.114501
99 0.112223 0.112499
100 0.112223 0.112476
101 0.112223 0.112776
102 0.112223 0.112522
103 0.109738 0.112269
104 0.108703 0.113466
105 0.108703 0.112660
106 0.108703 0.110751
107 0.108703 0.109117
108 0.108703 0.108910
109 0.108703 0.108841
110 0.108703 0.108772
111 0.108703 0.108864
112 0.108127 0.108749
113 0.108127 0.109140
114 0.108127 0.109048
115 0.108127 0.108634
116 0.108127 0.108473
117 0.108127 0.108542
118 0.108127 0.108311
119 0.108127 0.108357
120 0.105090 0.108542
121 0.105090 0.108427
122 0.103065 0.107230
123 0.103065 0.105872
124 0.103065 0.105205
125 0.103065 0.105113
126 0.103065 0.103318
127 0.103065 0.103525
128 0.103065 0.103249
129 0.103065 0.103272
130 0.103065 0.103249
131 0.102904 0.103203
132 0.102904 0.103065
133 0.102904 0.103456
134 0.102904 0.102996
135 0.102904 0.103088
136 0.102904 0.102904
137 0.102904 0.103594
138 0.102904 0.103387
139 0.102559 0.102904
140 0.102789 0.103226
141 0.102559 0.103502
142 0.100879 0.103525
143 0.096944 0.103042
144 0.096944 0.101776
145 0.096944 0.099705
146 0.096944 0.097658
147 0.096944 0.097243
148 0.096944 0.097312
149 0.096944 0.097289
150 0.096438 0.097059
151 0.093976 0.096875
152 0.092089 0.096829
153 0.092089 0.096024
154 0.092066 0.094551
155 0.092066 0.094344
156 0.092066 0.092871
157 0.092066 0.092779
158 0.092066 0.092871
159 0.092066 0.092365
160 0.092066 0.092273
161 0.092066 0.092181
162 0.092066 0.092365
163 0.092066 0.092503
164 0.092066 0.092066
165 0.092066 0.092066
166 0.092066 0.092756
167 0.092066 0.092595
168 0.092066 0.092733
169 0.092066 0.092825
170 0.092066 0.092756
171 0.092066 0.092296
172 0.092066 0.092526
173 0.092066 0.092595
174 0.092066 0.092066
175 0.092066 0.092940
176 0.092066 0.092365
177 0.092066 0.092158
178 0.092066 0.092963
179 0.092066 0.093147
180 0.092066 0.092204
181 0.092066 0.092526
182 0.092066 0.092066
183 0.092066 0.092457
184 0.092066 0.092779
185 0.092066 0.092250
186 0.092066 0.092273
187 0.092066 0.092963
188 0.090156 0.092250
189 0.090156 0.092434
190 0.090156 0.091215
191 0.090156 0.091399
192 0.090156 0.090409
193 0.090156 0.090869
194 0.090156 0.090823
195 0.090156 0.090156
196 0.090156 0.090501
197 0.089903 0.090984
198 0.089903 0.091813
199 0.089903 0.091537
200 0.089903 0.091376
201 0.089903 0.090915
202 0.089903 0.089903
203 0.089903 0.090133
204 0.089903 0.090202
205 0.086796 0.090363
206 0.086796 0.089696
207 0.086796 0.088706
208 0.086796 0.087027
209 0.086796 0.087924
210 0.086796 0.087280
211 0.086796 0.087280
212 0.086796 0.087004
213 0.086796 0.087740
214 0.086796 0.086796
215 0.086796 0.086796
216 0.086796 0.087096
217 0.086796 0.086796
218 0.079249 0.087372
219 0.079249 0.087717
220 0.079249 0.085922
221 0.079042 0.084242
222 0.079042 0.080284
223 0.075038 0.079249
224 0.075038 0.079594
225 0.075038 0.077109
226 0.075038 0.075475
227 0.075038 0.075429
228 0.075038 0.075314
229 0.075038 0.075567
230 0.075038 0.075360
231 0.075038 0.075406
232 0.075038 0.075452
233 0.075038 0.075291
234 0.075038 0.075038
235 0.075038 0.075337
236 0.075038 0.075659
237 0.075038 0.075038
238 0.075038 0.075429
239 0.075038 0.075935
240 0.074647 0.075544
241 0.075038 0.075820
242 0.074647 0.075705
243 0.072047 0.075429
244 0.072047 0.075360
245 0.072047 0.075153
246 0.070252 0.074187
247 0.070252 0.072852
248 0.070252 0.071978
249 0.070252 0.070758
250 0.070252 0.070689
251 0.070252 0.070942
252 0.070252 0.070252
253 0.070252 0.070413
254 0.070252 0.070436
255 0.070091 0.070574
256 0.070091 0.070459
257 0.070091 0.070689
258 0.070091 0.070344
259 0.070091 0.070712
260 0.070091 0.070505
261 0.070091 0.070390
262 0.069584 0.070459
263 0.069584 0.070091
264 0.069584 0.070137
265 0.069584 0.070206
266 0.069584 0.069607
267 0.066110 0.070390
268 0.066110 0.069308
269 0.066110 0.068388
270 0.066110 0.066662
271 0.066110 0.066271
272 0.066110 0.066317
273 0.066110 0.066225
274 0.066110 0.066409
275 0.066110 0.066110
276 0.066110 0.066731
277 0.066110 0.067076
278 0.066110 0.066455
279 0.066110 0.066984
280 0.066110 0.066225
281 0.066110 0.066133
282 0.066110 0.066501
283 0.066110 0.066639
284 0.066110 0.066478
285 0.066110 0.066202
286 0.066110 0.066455
287 0.066110 0.066524
288 0.066110 0.066363
289 0.066110 0.066869
290 0.066110 0.066593
291 0.066110 0.066363
292 0.066110 0.066846
293 0.066110 0.066869
294 0.066110 0.066846
295 0.066110 0.067122
296 0.066110 0.066501
297 0.066110 0.066731
298 0.066110 0.066639
299 0.066110 0.066248
300 0.066110 0.067145
-----------------------------------
0 0.645190 0.818680
1 0.686242 0.778523
2 0.600112 0.745078
3 0.600112 0.696756
4 0.600112 0.645078
5 0.578523 0.624273
6 0.578523 0.603915
7 0.551342 0.598210
8 0.551342 0.583557
9 0.551342 0.577069
10 0.551342 0.570470
11 0.551342 0.554586
12 0.551342 0.556152
13 0.548098 0.555593
14 0.526286 0.553356
15 0.526286 0.554474
16 0.526286 0.549776
17 0.523043 0.550447
18 0.513423 0.540045
19 0.513423 0.534228
20 0.469239 0.521365
21 0.469239 0.507606
22 0.469239 0.490828
23 0.469239 0.476510
24 0.469239 0.471924
25 0.469239 0.470358
26 0.469239 0.470582
27 0.469239 0.474497
28 0.469239 0.473714
29 0.469239 0.470022
30 0.469239 0.473937
31 0.462081 0.472148
32 0.462081 0.473602
33 0.462081 0.481320
34 0.462081 0.471253
35 0.462081 0.468009
36 0.462081 0.462752
37 0.449888 0.463870
38 0.449888 0.459508
39 0.449888 0.453132
40 0.449888 0.454251
41 0.449888 0.450671
42 0.449888 0.450224
43 0.449888 0.457830
44 0.449888 0.454139
45 0.449888 0.453356
46 0.449888 0.461074
47 0.449888 0.449888
48 0.449888 0.450112
49 0.449888 0.449888
50 0.449888 0.451678
51 0.449888 0.451678
52 0.449888 0.450895
53 0.449888 0.456488
54 0.449888 0.454027
55 0.449888 0.451007
56 0.449888 0.450671
57 0.449888 0.453020
58 0.449888 0.457606
59 0.449888 0.458389
60 0.449888 0.457271
61 0.449888 0.450559
62 0.449888 0.452573
63 0.449888 0.452237
64 0.449888 0.451454
65 0.449888 0.456823
66 0.445302 0.449888
67 0.445302 0.456823
68 0.445302 0.448210
69 0.422483 0.452908
70 0.422483 0.445749
71 0.422483 0.437472
72 0.422483 0.431320
73 0.422483 0.422819
74 0.422483 0.427181
75 0.422483 0.426398
76 0.422483 0.427964
77 0.381544 0.421588
78 0.381544 0.421253
79 0.363423 0.408501
80 0.363423 0.382662
81 0.363423 0.371029
82 0.363423 0.366667
83 0.363423 0.363535
84 0.363423 0.365660
85 0.363423 0.363423
86 0.363423 0.363423
87 0.363423 0.368233
88 0.363423 0.369239
89 0.363423 0.367114
90 0.363423 0.366331
91 0.363423 0.363423
92 0.363423 0.363423
93 0.363423 0.370694
94 0.363423 0.370246
95 0.363423 0.365324
96 0.363423 0.372819
97 0.363423 0.368680
98 0.363423 0.363423
99 0.363423 0.365884
100 0.363423 0.370470
101 0.363423 0.363423
102 0.363423 0.368904
103 0.363423 0.366779
104 0.363423 0.368233
105 0.363423 0.377293
106 0.363423 0.368121
107 0.363423 0.369575
108 0.349105 0.363870
109 0.349105 0.362304
110 0.349105 0.360738
111 0.349105 0.351119
112 0.338702 0.351902
113 0.321365 0.356935
114 0.321365 0.350336
115 0.321365 0.338143
116 0.321365 0.333893
117 0.321365 0.321812
118 0.321365 0.326174
119 0.321365 0.324497
120 0.321365 0.325056
121 0.321365 0.329083
122 0.321365 0.323378
123 0.321365 0.323714
124 0.321365 0.321365
125 0.321365 0.323154
126 0.321365 0.332103
127 0.308949 0.326063
128 0.321365 0.327629
129 0.308949 0.321924
130 0.302908 0.323826
131 0.302908 0.317450
132 0.302908 0.308949
133 0.302908 0.306935
134 0.302908 0.303691
135 0.297092 0.303244
136 0.297092 0.303356
137 0.297092 0.308949
138 0.297092 0.302013
139 0.297092 0.298098
140 0.297092 0.297875
141 0.297092 0.301119
142 0.297092 0.299329
143 0.297092 0.304698
144 0.297092 0.303915
145 0.297092 0.299441
146 0.297092 0.301902
147 0.297092 0.302125
148 0.297092 0.299553
149 0.297092 0.299776
150 0.297092 0.301230
151 0.297092 0.299441
152 0.297092 0.300895
153 0.297092 0.300895
154 0.297092 0.302125
155 0.280872 0.296868
156 0.280872 0.300895
157 0.276174 0.291051
158 0.276174 0.288255
159 0.276174 0.283221
160 0.276174 0.289374
161 0.276174 0.280872
162 0.276174 0.286577
163 0.276174 0.278859
164 0.276174 0.282438
165 0.276174 0.282550
166 0.276174 0.279418
167 0.276174 0.283221
168 0.276174 0.285906
169 0.276174 0.276174
170 0.276174 0.281096
171 0.276174 0.282662
172 0.276174 0.276174
173 0.276174 0.277181
174 0.276174 0.278747
175 0.276174 0.287136
176 0.276174 0.280313
177 0.276174 0.285347
178 0.276174 0.277629
179 0.276174 0.285347
180 0.276174 0.276174
181 0.276174 0.280089
182 0.276174 0.284228
183 0.276174 0.281208
184 0.276174 0.283893
185 0.276174 0.282774
186 0.276174 0.289709
187 0.276174 0.282327
188 0.276174 0.279418
189 0.276174 0.276174
190 0.276174 0.277181
191 0.271924 0.276174
192 0.271924 0.278635
193 0.271924 0.274497
194 0.271924 0.282550
195 0.271924 0.271924
196 0.271924 0.276510
197 0.271924 0.273602
198 0.271924 0.271924
199 0.271924 0.274385
200 0.271924 0.277181
201 0.271924 0.273043
202 0.271924 0.272931
203 0.271924 0.277405
204 0.271924 0.279306
205 0.271924 0.279866
206 0.271924 0.280761
207 0.271924 0.277293
208 0.271924 0.284452
209 0.271924 0.272931
210 0.271924 0.280201
211 0.271924 0.277293
212 0.271924 0.271924
213 0.271924 0.280537
214 0.271924 0.273378
215 0.271924 0.271924
216 0.271924 0.274832
217 0.271924 0.275056
218 0.271924 0.271924
219 0.271924 0.271924
220 0.271924 0.281320
221 0.271924 0.274273
222 0.271924 0.276622
223 0.271924 0.279642
224 0.271924 0.271924
225 0.271924 0.273937
226 0.271924 0.276846
227 0.271924 0.275168
228 0.271924 0.275503
229 0.271924 0.278412
230 0.271924 0.279978
231 0.271924 0.271924
232 0.251007 0.285123
233 0.251007 0.268121
234 0.251007 0.266555
235 0.251007 0.253915
236 0.251007 0.261298
237 0.251007 0.256600
238 0.251007 0.254139
239 0.251007 0.254139
240 0.251007 0.254139
241 0.251007 0.259396
242 0.251007 0.261633
243 0.251007 0.253468
244 0.251007 0.256376
245 0.251007 0.256600
246 0.251007 0.252796
247 0.251007 0.255257
248 0.251007 0.257606
249 0.251007 0.251007
250 0.251007 0.257383
251 0.251007 0.263199
252 0.251007 0.261186
253 0.251007 0.257830
254 0.251007 0.252125
255 0.251007 0.257383
256 0.251007 0.257718
257 0.251007 0.251454
258 0.251007 0.258277
259 0.251007 0.253579
260 0.251007 0.257718
261 0.251007 0.259396
262 0.251007 0.258054
263 0.251007 0.258501
264 0.251007 0.256488
265 0.251007 0.254027
266 0.251007 0.251007
267 0.251007 0.260515
268 0.251007 0.252461
269 0.251007 0.259284
270 0.251007 0.253803
271 0.251007 0.254810
272 0.251007 0.252013
273 0.251007 0.251007
274 0.251007 0.252908
275 0.251007 0.253691
276 0.251007 0.253020
277 0.251007 0.257494
278 0.251007 0.251119
279 0.251007 0.258054
280 0.251007 0.253132
281 0.251007 0.256488
282 0.251007 0.252013
283 0.251007 0.256488
284 0.251007 0.259843
285 0.251007 0.254698
286 0.251007 0.252908
287 0.251007 0.257718
288 0.251007 0.254027
289 0.251007 0.255145
290 0.251007 0.253468
291 0.251007 0.262081
292 0.251007 0.262864
293 0.251007 0.254922
294 0.251007 0.252013
295 0.251007 0.254139
296 0.251007 0.252908
297 0.251007 0.259284
298 0.251007 0.256040
299 0.251007 0.256823
300 0.251007 0.251007
-----------------------------------
