0 0.636194 0.915829
1 0.599252 0.855974
2 0.535188 0.789338
3 0.416180 0.720131
4 0.299977 0.641571
5 0.212532 0.562310
6 0.163432 0.489362
7 0.152911 0.414543
8 0.097031 0.341595
9 0.071312 0.292261
10 0.069207 0.242226
11 0.023615 0.206219
12 0.023615 0.166238
13 0.020809 0.145663
14 0.011457 0.122282
15 0.011457 0.090718
16 0.011457 0.071078
17 0.011457 0.062661
18 0.011457 0.048165
19 0.011457 0.055413
20 0.011457 0.059387
21 0.011457 0.067103
22 0.011457 0.071312
23 0.011457 0.058920
24 0.011457 0.055413
25 0.011457 0.055646
26 0.011457 0.034838
27 0.011457 0.028758
28 0.011457 0.026187
29 0.011457 0.027589
30 0.011457 0.023381
31 0.011457 0.028291
32 0.011457 0.035305
33 0.000000 0.032499
34 0.000000 0.027356
35 0.000000 0.030629
36 0.000000 0.032032
37 0.000000 0.028291
38 0.000000 0.029928
39 0.000000 0.024082
40 0.000000 0.013795
41 0.000000 0.017068
42 0.000000 0.019172
43 0.000000 0.018939
44 0.000000 0.019874
45 0.000000 0.014029
46 0.000000 0.009586
47 0.000000 0.015899
48 0.000000 0.017302
49 0.000000 0.016367
50 0.000000 0.017302
51 0.000000 0.020108
52 0.000000 0.014964
53 0.000000 0.010288
54 0.000000 0.017769
55 0.000000 0.017068
56 0.000000 0.020341
57 0.000000 0.014964
58 0.000000 0.018939
59 0.000000 0.017536
60 0.000000 0.017068
61 0.000000 0.017068
62 0.000000 0.017068
63 0.000000 0.017769
64 0.000000 0.014496
65 0.000000 0.016367
66 0.000000 0.017536
67 0.000000 0.011223
68 0.000000 0.019640
69 0.000000 0.015665
70 0.000000 0.018237
71 0.000000 0.014964
72 0.000000 0.020108
73 0.000000 0.015431
74 0.000000 0.015665
75 0.000000 0.016600
76 0.000000 0.015431
77 0.000000 0.017769
78 0.000000 0.015665
79 0.000000 0.015899
80 0.000000 0.016600
81 0.000000 0.021277
82 0.000000 0.013093
83 0.000000 0.013327
84 0.000000 0.020108
85 0.000000 0.021277
86 0.000000 0.022913
87 0.000000 0.019406
88 0.000000 0.015431
89 0.000000 0.017302
90 0.000000 0.017536
91 0.000000 0.018471
92 0.000000 0.013561
93 0.000000 0.014029
94 0.000000 0.018003
95 0.000000 0.023147
96 0.000000 0.014730
97 0.000000 0.018471
98 0.000000 0.014730
99 0.000000 0.014964
100 0.000000 0.016133
101 0.000000 0.012626
102 0.000000 0.019172
103 0.000000 0.018939
104 0.000000 0.014730
105 0.000000 0.020575
106 0.000000 0.016600
107 0.000000 0.015665
108 0.000000 0.016367
109 0.000000 0.016600
110 0.000000 0.020809
111 0.000000 0.016367
112 0.000000 0.017068
113 0.000000 0.016600
114 0.000000 0.018705
115 0.000000 0.014964
116 0.000000 0.017536
117 0.000000 0.015431
118 0.000000 0.020341
119 0.000000 0.014029
120 0.000000 0.014730
121 0.000000 0.018471
122 0.000000 0.025251
123 0.000000 0.021510
124 0.000000 0.019172
125 0.000000 0.016834
126 0.000000 0.013561
127 0.000000 0.013093
128 0.000000 0.019874
129 0.000000 0.014262
130 0.000000 0.016367
131 0.000000 0.018237
132 0.000000 0.014496
133 0.000000 0.016834
134 0.000000 0.015198
135 0.000000 0.012158
136 0.000000 0.020341
137 0.000000 0.025953
138 0.000000 0.012392
139 0.000000 0.011924
140 0.000000 0.013327
141 0.000000 0.019172
142 0.000000 0.017536
143 0.000000 0.017769
144 0.000000 0.020108
145 0.000000 0.019640
146 0.000000 0.018003
147 0.000000 0.017302
148 0.000000 0.015431
149 0.000000 0.014262
150 0.000000 0.016367
151 0.000000 0.011924
152 0.000000 0.018705
153 0.000000 0.014029
154 0.000000 0.014496
155 0.000000 0.013795
156 0.000000 0.019172
157 0.000000 0.016367
158 0.000000 0.015665
159 0.000000 0.014262
160 0.000000 0.018705
161 0.000000 0.011924
162 0.000000 0.015198
163 0.000000 0.010521
164 0.000000 0.016367
165 0.000000 0.016834
166 0.000000 0.014964
167 0.000000 0.015665
168 0.000000 0.018705
169 0.000000 0.016133
170 0.000000 0.018003
171 0.000000 0.018939
172 0.000000 0.015431
173 0.000000 0.017769
174 0.000000 0.018939
175 0.000000 0.014496
176 0.000000 0.013561
177 0.000000 0.019640
178 0.000000 0.015198
179 0.000000 0.007716
180 0.000000 0.013327
181 0.000000 0.014262
182 0.000000 0.012859
183 0.000000 0.014964
184 0.000000 0.014496
185 0.000000 0.016834
186 0.000000 0.015431
187 0.000000 0.014964
188 0.000000 0.014262
189 0.000000 0.015665
190 0.000000 0.018471
191 0.000000 0.017769
192 0.000000 0.014262
193 0.000000 0.021744
194 0.000000 0.013795
195 0.000000 0.018939
196 0.000000 0.013327
197 0.000000 0.024082
198 0.000000 0.020809
199 0.000000 0.016600
200 0.000000 0.014262
201 0.000000 0.019874
202 0.000000 0.013093
203 0.000000 0.016600
204 0.000000 0.014730
205 0.000000 0.015665
206 0.000000 0.020575
207 0.000000 0.018237
208 0.000000 0.014262
209 0.000000 0.017536
210 0.000000 0.013561
211 0.000000 0.016600
212 0.000000 0.020341
213 0.000000 0.020341
214 0.000000 0.014730
215 0.000000 0.018003
216 0.000000 0.020341
217 0.000000 0.020108
218 0.000000 0.015198
219 0.000000 0.021744
220 0.000000 0.019406
221 0.000000 0.019874
222 0.000000 0.018003
223 0.000000 0.014496
224 0.000000 0.018237
225 0.000000 0.013093
226 0.000000 0.012158
227 0.000000 0.018003
228 0.000000 0.018705
229 0.000000 0.012859
230 0.000000 0.016133
231 0.000000 0.014964
232 0.000000 0.015665
233 0.000000 0.009820
234 0.000000 0.018237
235 0.000000 0.012158
236 0.000000 0.015899
237 0.000000 0.018471
238 0.000000 0.018939
239 0.000000 0.012859
240 0.000000 0.020108
241 0.000000 0.020341
242 0.000000 0.016600
243 0.000000 0.017068
244 0.000000 0.014964
245 0.000000 0.012158
246 0.000000 0.012158
247 0.000000 0.012859
248 0.000000 0.012859
249 0.000000 0.022212
250 0.000000 0.013795
251 0.000000 0.015899
252 0.000000 0.017536
253 0.000000 0.010288
254 0.000000 0.020108
255 0.000000 0.018003
256 0.000000 0.015899
257 0.000000 0.014730
258 0.000000 0.016834
259 0.000000 0.020575
260 0.000000 0.016133
261 0.000000 0.013327
262 0.000000 0.022679
263 0.000000 0.015665
264 0.000000 0.023848
265 0.000000 0.019172
266 0.000000 0.017536
267 0.000000 0.018939
268 0.000000 0.013561
269 0.000000 0.017068
270 0.000000 0.021043
271 0.000000 0.015899
272 0.000000 0.015665
273 0.000000 0.013561
274 0.000000 0.013561
275 0.000000 0.017068
276 0.000000 0.013795
277 0.000000 0.017068
278 0.000000 0.012859
279 0.000000 0.011223
280 0.000000 0.020341
281 0.000000 0.015665
282 0.000000 0.017068
283 0.000000 0.015198
284 0.000000 0.015431
285 0.000000 0.014964
286 0.000000 0.017769
287 0.000000 0.012158
288 0.000000 0.014964
289 0.000000 0.019172
290 0.000000 0.018471
291 0.000000 0.010521
292 0.000000 0.017769
293 0.000000 0.017769
294 0.000000 0.016367
295 0.000000 0.016834
296 0.000000 0.017302
297 0.000000 0.019172
298 0.000000 0.012158
299 0.000000 0.021510
300 0.000000 0.018003
-----------------------------------
0 0.416875 0.581262
1 0.416875 0.541758
2 0.376253 0.507547
3 0.317445 0.475608
4 0.340141 0.442142
5 0.303209 0.412328
6 0.253345 0.384638
7 0.252413 0.353781
8 0.220997 0.326240
9 0.199754 0.300749
10 0.167667 0.275743
11 0.143070 0.251109
12 0.141840 0.229605
13 0.115790 0.209891
14 0.112287 0.191965
15 0.089442 0.175828
16 0.083927 0.160139
17 0.072150 0.146946
18 0.055380 0.133082
19 0.055380 0.119033
20 0.053069 0.109343
21 0.045578 0.100101
22 0.044423 0.089628
23 0.027541 0.080349
24 0.030969 0.074647
25 0.025715 0.066634
26 0.022211 0.059255
27 0.014162 0.053404
28 0.015578 0.048336
29 0.009317 0.044833
30 0.005031 0.039914
31 0.005031 0.036522
32 0.005031 0.032385
33 0.005031 0.028100
34 0.003578 0.024634
35 0.001603 0.022398
36 0.001603 0.020162
37 0.001603 0.018298
38 0.001603 0.016472
39 0.001528 0.014273
40 0.001528 0.012336
41 0.000969 0.008572
42 0.000671 0.005292
43 0.000671 0.004658
44 0.000671 0.004174
45 0.000671 0.007416
46 0.000671 0.009093
47 0.000671 0.007640
48 0.000671 0.008422
49 0.000671 0.008944
50 0.000671 0.009429
51 0.000671 0.008497
52 0.000671 0.003615
53 0.000671 0.001752
54 0.000671 0.002087
55 0.000671 0.001752
56 0.000671 0.001565
57 0.000671 0.001677
58 0.000671 0.001640
59 0.000671 0.001789
60 0.000671 0.001863
61 0.000671 0.001752
62 0.000671 0.002199
63 0.000671 0.001789
64 0.000671 0.001789
65 0.000671 0.002162
66 0.000671 0.001863
67 0.000671 0.001640
68 0.000671 0.001789
69 0.000671 0.001752
70 0.000671 0.001603
71 0.000671 0.001901
72 0.000671 0.001640
73 0.000671 0.001863
74 0.000671 0.001565
75 0.000671 0.001714
76 0.000671 0.001752
77 0.000671 0.001491
78 0.000671 0.001826
79 0.000671 0.001863
80 0.000671 0.001863
81 0.000671 0.001938
82 0.000671 0.002162
83 0.000671 0.002087
84 0.000671 0.001752
85 0.000671 0.002236
86 0.000671 0.001565
87 0.000671 0.001640
88 0.000671 0.001938
89 0.000671 0.001752
90 0.000671 0.001826
91 0.000671 0.002236
92 0.000671 0.001640
93 0.000671 0.001826
94 0.000671 0.001640
95 0.000671 0.001528
96 0.000671 0.001752
97 0.000671 0.001603
98 0.000671 0.001714
99 0.000671 0.002124
100 0.000671 0.001901
101 0.000671 0.001714
102 0.000671 0.001789
103 0.000671 0.001975
104 0.000671 0.002050
105 0.000671 0.001752
106 0.000671 0.001789
107 0.000671 0.001640
108 0.000671 0.001826
109 0.000671 0.001603
110 0.000671 0.001901
111 0.000671 0.002012
112 0.000671 0.001565
113 0.000671 0.001789
114 0.000671 0.001714
115 0.000671 0.001528
116 0.000671 0.001714
117 0.000671 0.001603
118 0.000671 0.001603
119 0.000671 0.001528
120 0.000671 0.001603
121 0.000671 0.001863
122 0.000671 0.001565
123 0.000671 0.002050
124 0.000671 0.001938
125 0.000671 0.002199
126 0.000671 0.001528
127 0.000671 0.001640
128 0.000671 0.001677
129 0.000671 0.001752
130 0.000671 0.001752
131 0.000671 0.001863
132 0.000671 0.002087
133 0.000671 0.001565
134 0.000671 0.001714
135 0.000671 0.001789
136 0.000671 0.001975
137 0.000671 0.002050
138 0.000671 0.002124
139 0.000671 0.001752
140 0.000671 0.001491
141 0.000671 0.002012
142 0.000671 0.001901
143 0.000671 0.001603
144 0.000671 0.001938
145 0.000671 0.001714
146 0.000671 0.001565
147 0.000671 0.001714
148 0.000671 0.001975
149 0.000671 0.001901
150 0.000671 0.001752
151 0.000671 0.001528
152 0.000671 0.001528
153 0.000671 0.001752
154 0.000671 0.001789
155 0.000671 0.001714
156 0.000671 0.001938
157 0.000671 0.001826
158 0.000671 0.001677
159 0.000671 0.001901
160 0.000671 0.001565
161 0.000671 0.002012
162 0.000671 0.001901
163 0.000671 0.001938
164 0.000671 0.001901
165 0.000671 0.001714
166 0.000671 0.001565
167 0.000671 0.001789
168 0.000671 0.001752
169 0.000671 0.001528
170 0.000671 0.001714
171 0.000671 0.001975
172 0.000671 0.001714
173 0.000671 0.001975
174 0.000671 0.001826
175 0.000671 0.001975
176 0.000671 0.001640
177 0.000671 0.001603
178 0.000671 0.001528
179 0.000671 0.001789
180 0.000671 0.002012
181 0.000671 0.001640
182 0.000671 0.002012
183 0.000671 0.002087
184 0.000671 0.002050
185 0.000671 0.001975
186 0.000671 0.001752
187 0.000671 0.001975
188 0.000671 0.001267
189 0.000671 0.002162
190 0.000671 0.002124
191 0.000671 0.001752
192 0.000671 0.001714
193 0.000671 0.001491
194 0.000671 0.001491
195 0.000671 0.001304
196 0.000671 0.001752
197 0.000671 0.001789
198 0.000671 0.001677
199 0.000671 0.001528
200 0.000671 0.001752
201 0.000671 0.001640
202 0.000671 0.001863
203 0.000671 0.001826
204 0.000671 0.001565
205 0.000671 0.001789
206 0.000671 0.001901
207 0.000671 0.001752
208 0.000671 0.001677
209 0.000671 0.001789
210 0.000671 0.001677
211 0.000671 0.002012
212 0.000671 0.002050
213 0.000671 0.001863
214 0.000671 0.001714
215 0.000671 0.001677
216 0.000671 0.002087
217 0.000671 0.001714
218 0.000671 0.001565
219 0.000671 0.001342
220 0.000671 0.001752
221 0.000671 0.001528
222 0.000671 0.001826
223 0.000671 0.001714
224 0.000671 0.001789
225 0.000671 0.001640
226 0.000671 0.001901
227 0.000671 0.002460
228 0.000671 0.001901
229 0.000671 0.001826
230 0.000671 0.002087
231 0.000671 0.001714
232 0.000671 0.001379
233 0.000671 0.002050
234 0.000671 0.001677
235 0.000671 0.001603
236 0.000671 0.001789
237 0.000671 0.001789
238 0.000671 0.001938
239 0.000671 0.001826
240 0.000671 0.001901
241 0.000671 0.001938
242 0.000671 0.001863
243 0.000671 0.001603
244 0.000671 0.001603
245 0.000671 0.001677
246 0.000671 0.001714
247 0.000671 0.001677
248 0.000671 0.001714
249 0.000671 0.001677
250 0.000671 0.001677
251 0.000671 0.001453
252 0.000671 0.002050
253 0.000671 0.001826
254 0.000671 0.001714
255 0.000671 0.001416
256 0.000671 0.001901
257 0.000671 0.001640
258 0.000671 0.001863
259 0.000671 0.001938
260 0.000671 0.001752
261 0.000671 0.001789
262 0.000671 0.001752
263 0.000671 0.001640
264 0.000671 0.002012
265 0.000671 0.001603
266 0.000671 0.002012
267 0.000671 0.001901
268 0.000671 0.002385
269 0.000671 0.002162
270 0.000671 0.001789
271 0.000671 0.001528
272 0.000671 0.001826
273 0.000671 0.001565
274 0.000671 0.001901
275 0.000671 0.001752
276 0.000671 0.001901
277 0.000671 0.002124
278 0.000671 0.001565
279 0.000671 0.001565
280 0.000671 0.001789
281 0.000671 0.001901
282 0.000671 0.001826
283 0.000671 0.001752
284 0.000671 0.001901
285 0.000671 0.001640
286 0.000671 0.001938
287 0.000671 0.001938
288 0.000671 0.001714
289 0.000671 0.001789
290 0.000671 0.001975
291 0.000671 0.001714
292 0.000671 0.001826
293 0.000671 0.001826
294 0.000671 0.001491
295 0.000671 0.001789
296 0.000671 0.001603
297 0.000671 0.001677
298 0.000671 0.001901
299 0.000671 0.001677
300 0.000671 0.001826
-----------------------------------
0 0.114286 0.192899
1 0.114286 0.171115
2 0.099269 0.154511
3 0.075209 0.139871
4 0.075209 0.126086
5 0.068150 0.111926
6 0.051650 0.098789
7 0.048413 0.087865
8 0.038784 0.076963
9 0.037510 0.069006
10 0.029449 0.060756
11 0.028216 0.053237
12 0.022389 0.047577
13 0.019089 0.041583
14 0.016959 0.037218
15 0.011508 0.032644
16 0.009419 0.028530
17 0.008480 0.024708
18 0.007059 0.022160
19 0.004741 0.018358
20 0.004511 0.015894
21 0.002840 0.013826
22 0.002130 0.012197
23 0.001525 0.010568
24 0.000919 0.009649
25 0.000877 0.008375
26 0.000501 0.007226
27 0.000606 0.006600
28 0.000501 0.006015
29 0.000501 0.006078
30 0.000501 0.005075
31 0.000397 0.004657
32 0.000397 0.003822
33 0.000188 0.003216
34 0.000188 0.002381
35 0.000188 0.001587
36 0.000188 0.001608
37 0.000000 0.002109
38 0.000000 0.001963
39 0.000000 0.000668
40 0.000000 0.000627
41 0.000000 0.000961
42 0.000000 0.001149
43 0.000000 0.001525
44 0.000000 0.002109
45 0.000000 0.000731
46 0.000000 0.000334
47 0.000000 0.000334
48 0.000000 0.000355
49 0.000000 0.000334
50 0.000000 0.000334
51 0.000000 0.000355
52 0.000000 0.000272
53 0.000000 0.000313
54 0.000000 0.000355
55 0.000000 0.000292
56 0.000000 0.000355
57 0.000000 0.000272
58 0.000000 0.000376
59 0.000000 0.000376
60 0.000000 0.000376
61 0.000000 0.000418
62 0.000000 0.000292
63 0.000000 0.000334
64 0.000000 0.000251
65 0.000000 0.000397
66 0.000000 0.000272
67 0.000000 0.000313
68 0.000000 0.000272
69 0.000000 0.000292
70 0.000000 0.000418
71 0.000000 0.000355
72 0.000000 0.000272
73 0.000000 0.000334
74 0.000000 0.000418
75 0.000000 0.000397
76 0.000000 0.000355
77 0.000000 0.000397
78 0.000000 0.000397
79 0.000000 0.000292
80 0.000000 0.000272
81 0.000000 0.000334
82 0.000000 0.000355
83 0.000000 0.000522
84 0.000000 0.000251
85 0.000000 0.000397
86 0.000000 0.000418
87 0.000000 0.000313
88 0.000000 0.000334
89 0.000000 0.000313
90 0.000000 0.000292
91 0.000000 0.000355
92 0.000000 0.000313
93 0.000000 0.000418
94 0.000000 0.000397
95 0.000000 0.000334
96 0.000000 0.000313
97 0.000000 0.000397
98 0.000000 0.000334
99 0.000000 0.000292
100 0.000000 0.000397
101 0.000000 0.000522
102 0.000000 0.000313
103 0.000000 0.000355
104 0.000000 0.000292
105 0.000000 0.000459
106 0.000000 0.000313
107 0.000000 0.000439
108 0.000000 0.000355
109 0.000000 0.000397
110 0.000000 0.000313
111 0.000000 0.000376
112 0.000000 0.000313
113 0.000000 0.000251
114 0.000000 0.000376
115 0.000000 0.000355
116 0.000000 0.000355
117 0.000000 0.000355
118 0.000000 0.000418
119 0.000000 0.000376
120 0.000000 0.000334
121 0.000000 0.000272
122 0.000000 0.000397
123 0.000000 0.000418
124 0.000000 0.000334
125 0.000000 0.000376
126 0.000000 0.000397
127 0.000000 0.000480
128 0.000000 0.000334
129 0.000000 0.000480
130 0.000000 0.000334
131 0.000000 0.000292
132 0.000000 0.000355
133 0.000000 0.000313
134 0.000000 0.000418
135 0.000000 0.000397
136 0.000000 0.000355
137 0.000000 0.000376
138 0.000000 0.000313
139 0.000000 0.000355
140 0.000000 0.000397
141 0.000000 0.000376
142 0.000000 0.000376
143 0.000000 0.000355
144 0.000000 0.000376
145 0.000000 0.000376
146 0.000000 0.000292
147 0.000000 0.000397
148 0.000000 0.000376
149 0.000000 0.000397
150 0.000000 0.000397
151 0.000000 0.000313
152 0.000000 0.000313
153 0.000000 0.000272
154 0.000000 0.000355
155 0.000000 0.000376
156 0.000000 0.000418
157 0.000000 0.000355
158 0.000000 0.000459
159 0.000000 0.000376
160 0.000000 0.000313
161 0.000000 0.000376
162 0.000000 0.000355
163 0.000000 0.000334
164 0.000000 0.000439
165 0.000000 0.000292
166 0.000000 0.000334
167 0.000000 0.000313
168 0.000000 0.000376
169 0.000000 0.000272
170 0.000000 0.000376
171 0.000000 0.000334
172 0.000000 0.000334
173 0.000000 0.000313
174 0.000000 0.000334
175 0.000000 0.000292
176 0.000000 0.000313
177 0.000000 0.000376
178 0.000000 0.000313
179 0.000000 0.000418
180 0.000000 0.000376
181 0.000000 0.000272
182 0.000000 0.000334
183 0.000000 0.000313
184 0.000000 0.000313
185 0.000000 0.000251
186 0.000000 0.000355
187 0.000000 0.000251
188 0.000000 0.000418
189 0.000000 0.000313
190 0.000000 0.000355
191 0.000000 0.000418
192 0.000000 0.000334
193 0.000000 0.000397
194 0.000000 0.000334
195 0.000000 0.000334
196 0.000000 0.000459
197 0.000000 0.000251
198 0.000000 0.000334
199 0.000000 0.000334
200 0.000000 0.000376
201 0.000000 0.000334
202 0.000000 0.000334
203 0.000000 0.000480
204 0.000000 0.000397
205 0.000000 0.000397
206 0.000000 0.000313
207 0.000000 0.000459
208 0.000000 0.000397
209 0.000000 0.000439
210 0.000000 0.000418
211 0.000000 0.000355
212 0.000000 0.000397
213 0.000000 0.000355
214 0.000000 0.000334
215 0.000000 0.000397
216 0.000000 0.000376
217 0.000000 0.000397
218 0.000000 0.000355
219 0.000000 0.000334
220 0.000000 0.000418
221 0.000000 0.000334
222 0.000000 0.000334
223 0.000000 0.000334
224 0.000000 0.000376
225 0.000000 0.000355
226 0.000000 0.000313
227 0.000000 0.000355
228 0.000000 0.000418
229 0.000000 0.000334
230 0.000000 0.000272
231 0.000000 0.000334
232 0.000000 0.000334
233 0.000000 0.000251
234 0.000000 0.000251
235 0.000000 0.000397
236 0.000000 0.000334
237 0.000000 0.000334
238 0.000000 0.000459
239 0.000000 0.000439
240 0.000000 0.000334
241 0.000000 0.000334
242 0.000000 0.000313
243 0.000000 0.000397
244 0.000000 0.000418
245 0.000000 0.000376
246 0.000000 0.000355
247 0.000000 0.000313
248 0.000000 0.000230
249 0.000000 0.000292
250 0.000000 0.000522
251 0.000000 0.000313
252 0.000000 0.000376
253 0.000000 0.000397
254 0.000000 0.000334
255 0.000000 0.000292
256 0.000000 0.000355
257 0.000000 0.000397
258 0.000000 0.000313
259 0.000000 0.000334
260 0.000000 0.000355
261 0.000000 0.000334
262 0.000000 0.000313
263 0.000000 0.000292
264 0.000000 0.000334
265 0.000000 0.000313
266 0.000000 0.000376
267 0.000000 0.000418
268 0.000000 0.000313
269 0.000000 0.000334
270 0.000000 0.000397
271 0.000000 0.000334
272 0.000000 0.000292
273 0.000000 0.000334
274 0.000000 0.000376
275 0.000000 0.000439
276 0.000000 0.000376
277 0.000000 0.000230
278 0.000000 0.000355
279 0.000000 0.000418
280 0.000000 0.000418
281 0.000000 0.000251
282 0.000000 0.000313
283 0.000000 0.000272
284 0.000000 0.000397
285 0.000000 0.000355
286 0.000000 0.000355
287 0.000000 0.000376
288 0.000000 0.000376
289 0.000000 0.000313
290 0.000000 0.000376
291 0.000000 0.000292
292 0.000000 0.000272
293 0.000000 0.000355
294 0.000000 0.000376
295 0.000000 0.000334
296 0.000000 0.000292
297 0.000000 0.000313
298 0.000000 0.000397
299 0.000000 0.000313
300 0.000000 0.000313
-----------------------------------
0 0.000000 0.005311
1 0.000000 0.002592
2 0.000000 0.001615
3 0.000000 0.001168
4 0.000000 0.000914
5 0.000000 0.000637
6 0.000000 0.000446
7 0.000000 0.000404
8 0.000000 0.000340
9 0.000000 0.000319
10 0.000000 0.000340
11 0.000000 0.000319
12 0.000000 0.000255
13 0.000000 0.000319
14 0.000000 0.000276
15 0.000000 0.000297
16 0.000000 0.000191
17 0.000000 0.000382
18 0.000000 0.000234
19 0.000000 0.000234
20 0.000000 0.000234
21 0.000000 0.000276
22 0.000000 0.000319
23 0.000000 0.000276
24 0.000000 0.000234
25 0.000000 0.000234
26 0.000000 0.000297
27 0.000000 0.000212
28 0.000000 0.000319
29 0.000000 0.000170
30 0.000000 0.000212
31 0.000000 0.000276
32 0.000000 0.000297
33 0.000000 0.000255
34 0.000000 0.000297
35 0.000000 0.000234
36 0.000000 0.000276
37 0.000000 0.000297
38 0.000000 0.000276
39 0.000000 0.000297
40 0.000000 0.000297
41 0.000000 0.000319
42 0.000000 0.000340
43 0.000000 0.000276
44 0.000000 0.000212
45 0.000000 0.000319
46 0.000000 0.000234
47 0.000000 0.000276
48 0.000000 0.000255
49 0.000000 0.000319
50 0.000000 0.000255
51 0.000000 0.000297
52 0.000000 0.000276
53 0.000000 0.000255
54 0.000000 0.000212
55 0.000000 0.000255
56 0.000000 0.000297
57 0.000000 0.000319
58 0.000000 0.000276
59 0.000000 0.000191
60 0.000000 0.000276
61 0.000000 0.000255
62 0.000000 0.000191
63 0.000000 0.000234
64 0.000000 0.000255
65 0.000000 0.000255
66 0.000000 0.000276
67 0.000000 0.000319
68 0.000000 0.000191
69 0.000000 0.000234
70 0.000000 0.000234
71 0.000000 0.000255
72 0.000000 0.000255
73 0.000000 0.000276
74 0.000000 0.000255
75 0.000000 0.000255
76 0.000000 0.000319
77 0.000000 0.000234
78 0.000000 0.000340
79 0.000000 0.000276
80 0.000000 0.000297
81 0.000000 0.000255
82 0.000000 0.000297
83 0.000000 0.000340
84 0.000000 0.000340
85 0.000000 0.000319
86 0.000000 0.000212
87 0.000000 0.000319
88 0.000000 0.000276
89 0.000000 0.000234
90 0.000000 0.000255
91 0.000000 0.000361
92 0.000000 0.000255
93 0.000000 0.000255
94 0.000000 0.000255
95 0.000000 0.000276
96 0.000000 0.000255
97 0.000000 0.000276
98 0.000000 0.000297
99 0.000000 0.000319
100 0.000000 0.000255
101 0.000000 0.000255
102 0.000000 0.000255
103 0.000000 0.000276
104 0.000000 0.000297
105 0.000000 0.000255
106 0.000000 0.000234
107 0.000000 0.000297
108 0.000000 0.000234
109 0.000000 0.000255
110 0.000000 0.000276
111 0.000000 0.000276
112 0.000000 0.000276
113 0.000000 0.000297
114 0.000000 0.000255
115 0.000000 0.000255
116 0.000000 0.000319
117 0.000000 0.000319
118 0.000000 0.000319
119 0.000000 0.000212
120 0.000000 0.000297
121 0.000000 0.000212
122 0.000000 0.000234
123 0.000000 0.000319
124 0.000000 0.000382
125 0.000000 0.000276
126 0.000000 0.000255
127 0.000000 0.000276
128 0.000000 0.000276
129 0.000000 0.000255
130 0.000000 0.000234
131 0.000000 0.000255
132 0.000000 0.000234
133 0.000000 0.000276
134 0.000000 0.000255
135 0.000000 0.000234
136 0.000000 0.000255
137 0.000000 0.000255
138 0.000000 0.000297
139 0.000000 0.000191
140 0.000000 0.000234
141 0.000000 0.000234
142 0.000000 0.000276
143 0.000000 0.000212
144 0.000000 0.000361
145 0.000000 0.000297
146 0.000000 0.000234
147 0.000000 0.000297
148 0.000000 0.000319
149 0.000000 0.000234
150 0.000000 0.000297
151 0.000000 0.000297
152 0.000000 0.000255
153 0.000000 0.000319
154 0.000000 0.000276
155 0.000000 0.000340
156 0.000000 0.000234
157 0.000000 0.000234
158 0.000000 0.000340
159 0.000000 0.000276
160 0.000000 0.000276
161 0.000000 0.000191
162 0.000000 0.000234
163 0.000000 0.000255
164 0.000000 0.000297
165 0.000000 0.000276
166 0.000000 0.000234
167 0.000000 0.000234
168 0.000000 0.000276
169 0.000000 0.000276
170 0.000000 0.000255
171 0.000000 0.000212
172 0.000000 0.000191
173 0.000000 0.000212
174 0.000000 0.000297
175 0.000000 0.000234
176 0.000000 0.000361
177 0.000000 0.000276
178 0.000000 0.000255
179 0.000000 0.000234
180 0.000000 0.000255
181 0.000000 0.000255
182 0.000000 0.000234
183 0.000000 0.000170
184 0.000000 0.000276
185 0.000000 0.000234
186 0.000000 0.000255
187 0.000000 0.000212
188 0.000000 0.000297
189 0.000000 0.000234
190 0.000000 0.000255
191 0.000000 0.000319
192 0.000000 0.000276
193 0.000000 0.000297
194 0.000000 0.000234
195 0.000000 0.000255
196 0.000000 0.000255
197 0.000000 0.000234
198 0.000000 0.000319
199 0.000000 0.000255
200 0.000000 0.000297
201 0.000000 0.000212
202 0.000000 0.000319
203 0.000000 0.000234
204 0.000000 0.000212
205 0.000000 0.000276
206 0.000000 0.000255
207 0.000000 0.000234
208 0.000000 0.000276
209 0.000000 0.000276
210 0.000000 0.000297
211 0.000000 0.000212
212 0.000000 0.000255
213 0.000000 0.000234
214 0.000000 0.000255
215 0.000000 0.000319
216 0.000000 0.000234
217 0.000000 0.000297
218 0.000000 0.000255
219 0.000000 0.000276
220 0.000000 0.000319
221 0.000000 0.000276
222 0.000000 0.000297
223 0.000000 0.000212
224 0.000000 0.000319
225 0.000000 0.000212
226 0.000000 0.000297
227 0.000000 0.000319
228 0.000000 0.000276
229 0.000000 0.000191
230 0.000000 0.000212
231 0.000000 0.000212
232 0.000000 0.000191
233 0.000000 0.000255
234 0.000000 0.000319
235 0.000000 0.000212
236 0.000000 0.000255
237 0.000000 0.000276
238 0.000000 0.000149
239 0.000000 0.000276
240 0.000000 0.000234
241 0.000000 0.000255
242 0.000000 0.000170
243 0.000000 0.000212
244 0.000000 0.000234
245 0.000000 0.000276
246 0.000000 0.000234
247 0.000000 0.000276
248 0.000000 0.000297
249 0.000000 0.000212
250 0.000000 0.000191
251 0.000000 0.000234
252 0.000000 0.000255
253 0.000000 0.000297
254 0.000000 0.000297
255 0.000000 0.000297
256 0.000000 0.000234
257 0.000000 0.000255
258 0.000000 0.000297
259 0.000000 0.000191
260 0.000000 0.000319
261 0.000000 0.000234
262 0.000000 0.000276
263 0.000000 0.000361
264 0.000000 0.000361
265 0.000000 0.000234
266 0.000000 0.000234
267 0.000000 0.000276
268 0.000000 0.000234
269 0.000000 0.000276
270 0.000000 0.000255
271 0.000000 0.000212
272 0.000000 0.000255
273 0.000000 0.000297
274 0.000000 0.000255
275 0.000000 0.000297
276 0.000000 0.000255
277 0.000000 0.000255
278 0.000000 0.000191
279 0.000000 0.000297
280 0.000000 0.000340
281 0.000000 0.000234
282 0.000000 0.000276
283 0.000000 0.000255
284 0.000000 0.000319
285 0.000000 0.000255
286 0.000000 0.000255
287 0.000000 0.000340
288 0.000000 0.000276
289 0.000000 0.000234
290 0.000000 0.000212
291 0.000000 0.000212
292 0.000000 0.000297
293 0.000000 0.000255
294 0.000000 0.000276
295 0.000000 0.000234
296 0.000000 0.000255
297 0.000000 0.000319
298 0.000000 0.000234
299 0.000000 0.000234
300 0.000000 0.000255
-----------------------------------
0 0.286432 0.405418
1 0.283946 0.373381
2 0.252561 0.346314
3 0.218063 0.321633
4 0.218063 0.298483
5 0.184744 0.276815
6 0.168198 0.255951
7 0.147459 0.233830
8 0.135709 0.212639
9 0.124410 0.194210
10 0.102240 0.176911
11 0.100357 0.160415
12 0.088732 0.144898
13 0.075399 0.129105
14 0.064653 0.117656
15 0.061238 0.105805
16 0.047404 0.095511
17 0.048935 0.085844
18 0.037637 0.077107
19 0.031485 0.068670
20 0.030205 0.060912
21 0.018253 0.053907
22 0.013157 0.046475
23 0.012579 0.041830
24 0.013383 0.037486
25 0.008712 0.033042
26 0.007608 0.028949
27 0.007733 0.026238
28 0.005524 0.022949
29 0.004369 0.021467
30 0.002586 0.019710
31 0.001758 0.017224
32 0.001732 0.015718
33 0.001255 0.013157
34 0.000979 0.011976
35 0.000879 0.010872
36 0.000000 0.009742
37 0.000000 0.008562
38 0.000000 0.006980
39 0.000000 0.005599
40 0.000000 0.005298
41 0.000000 0.005197
42 0.000000 0.005097
43 0.000000 0.005474
44 0.000000 0.005348
45 0.000000 0.004344
46 0.000000 0.003063
47 0.000000 0.000728
48 0.000000 0.000527
49 0.000000 0.000502
50 0.000000 0.000603
51 0.000000 0.000603
52 0.000000 0.000628
53 0.000000 0.000628
54 0.000000 0.000653
55 0.000000 0.000603
56 0.000000 0.000603
57 0.000000 0.000628
58 0.000000 0.000678
59 0.000000 0.000502
60 0.000000 0.000603
61 0.000000 0.000628
62 0.000000 0.000427
63 0.000000 0.000653
64 0.000000 0.000552
65 0.000000 0.000502
66 0.000000 0.000628
67 0.000000 0.000603
68 0.000000 0.000603
69 0.000000 0.000577
70 0.000000 0.000477
71 0.000000 0.000502
72 0.000000 0.000527
73 0.000000 0.000628
74 0.000000 0.000477
75 0.000000 0.000427
76 0.000000 0.000653
77 0.000000 0.000502
78 0.000000 0.000502
79 0.000000 0.000477
80 0.000000 0.000552
81 0.000000 0.000477
82 0.000000 0.000603
83 0.000000 0.000653
84 0.000000 0.000502
85 0.000000 0.000628
86 0.000000 0.000552
87 0.000000 0.000603
88 0.000000 0.000552
89 0.000000 0.000603
90 0.000000 0.000703
91 0.000000 0.000678
92 0.000000 0.000778
93 0.000000 0.000628
94 0.000000 0.000402
95 0.000000 0.000678
96 0.000000 0.000603
97 0.000000 0.000603
98 0.000000 0.000728
99 0.000000 0.000854
100 0.000000 0.000703
101 0.000000 0.000678
102 0.000000 0.000527
103 0.000000 0.000678
104 0.000000 0.000678
105 0.000000 0.000477
106 0.000000 0.000603
107 0.000000 0.000502
108 0.000000 0.000477
109 0.000000 0.000728
110 0.000000 0.000678
111 0.000000 0.000603
112 0.000000 0.000753
113 0.000000 0.000603
114 0.000000 0.000527
115 0.000000 0.000452
116 0.000000 0.000678
117 0.000000 0.000502
118 0.000000 0.000628
119 0.000000 0.000477
120 0.000000 0.000527
121 0.000000 0.000477
122 0.000000 0.000502
123 0.000000 0.000577
124 0.000000 0.000502
125 0.000000 0.000628
126 0.000000 0.000603
127 0.000000 0.000603
128 0.000000 0.000477
129 0.000000 0.000678
130 0.000000 0.000577
131 0.000000 0.000552
132 0.000000 0.000778
133 0.000000 0.000402
134 0.000000 0.000452
135 0.000000 0.000628
136 0.000000 0.000603
137 0.000000 0.000502
138 0.000000 0.000603
139 0.000000 0.000653
140 0.000000 0.000477
141 0.000000 0.000678
142 0.000000 0.000552
143 0.000000 0.000603
144 0.000000 0.000803
145 0.000000 0.000527
146 0.000000 0.000502
147 0.000000 0.000527
148 0.000000 0.000452
149 0.000000 0.000477
150 0.000000 0.000628
151 0.000000 0.000753
152 0.000000 0.000678
153 0.000000 0.000628
154 0.000000 0.000603
155 0.000000 0.000628
156 0.000000 0.000527
157 0.000000 0.000452
158 0.000000 0.000728
159 0.000000 0.000552
160 0.000000 0.000703
161 0.000000 0.000628
162 0.000000 0.000477
163 0.000000 0.000502
164 0.000000 0.000577
165 0.000000 0.000552
166 0.000000 0.000603
167 0.000000 0.000753
168 0.000000 0.000628
169 0.000000 0.000628
170 0.000000 0.000527
171 0.000000 0.000603
172 0.000000 0.000502
173 0.000000 0.000653
174 0.000000 0.000703
175 0.000000 0.000502
176 0.000000 0.000603
177 0.000000 0.000603
178 0.000000 0.000452
179 0.000000 0.000502
180 0.000000 0.000477
181 0.000000 0.000527
182 0.000000 0.000577
183 0.000000 0.000552
184 0.000000 0.000552
185 0.000000 0.000502
186 0.000000 0.000577
187 0.000000 0.000603
188 0.000000 0.000728
189 0.000000 0.000402
190 0.000000 0.000753
191 0.000000 0.000527
192 0.000000 0.000603
193 0.000000 0.000678
194 0.000000 0.000753
195 0.000000 0.000552
196 0.000000 0.000427
197 0.000000 0.000477
198 0.000000 0.000552
199 0.000000 0.000829
200 0.000000 0.000577
201 0.000000 0.000603
202 0.000000 0.000527
203 0.000000 0.000753
204 0.000000 0.000502
205 0.000000 0.000628
206 0.000000 0.000703
207 0.000000 0.000577
208 0.000000 0.000402
209 0.000000 0.000552
210 0.000000 0.000703
211 0.000000 0.000552
212 0.000000 0.000552
213 0.000000 0.000603
214 0.000000 0.000603
215 0.000000 0.000527
216 0.000000 0.000603
217 0.000000 0.000377
218 0.000000 0.000603
219 0.000000 0.000552
220 0.000000 0.000603
221 0.000000 0.000678
222 0.000000 0.000603
223 0.000000 0.000577
224 0.000000 0.000628
225 0.000000 0.000628
226 0.000000 0.000603
227 0.000000 0.000678
228 0.000000 0.000628
229 0.000000 0.000502
230 0.000000 0.000402
231 0.000000 0.000653
232 0.000000 0.000653
233 0.000000 0.000527
234 0.000000 0.000628
235 0.000000 0.000552
236 0.000000 0.000477
237 0.000000 0.000603
238 0.000000 0.000653
239 0.000000 0.000628
240 0.000000 0.000552
241 0.000000 0.000678
242 0.000000 0.000552
243 0.000000 0.000678
244 0.000000 0.000552
245 0.000000 0.000477
246 0.000000 0.000527
247 0.000000 0.000552
248 0.000000 0.000728
249 0.000000 0.000477
250 0.000000 0.000628
251 0.000000 0.000427
252 0.000000 0.000577
253 0.000000 0.000628
254 0.000000 0.000502
255 0.000000 0.000527
256 0.000000 0.000527
257 0.000000 0.000502
258 0.000000 0.000452
259 0.000000 0.000703
260 0.000000 0.000753
261 0.000000 0.000577
262 0.000000 0.000577
263 0.000000 0.000628
264 0.000000 0.000552
265 0.000000 0.000502
266 0.000000 0.000502
267 0.000000 0.000678
268 0.000000 0.000527
269 0.000000 0.000527
270 0.000000 0.000527
271 0.000000 0.000427
272 0.000000 0.000477
273 0.000000 0.000477
274 0.000000 0.000678
275 0.000000 0.000477
276 0.000000 0.000653
277 0.000000 0.000527
278 0.000000 0.000653
279 0.000000 0.000854
280 0.000000 0.000653
281 0.000000 0.000577
282 0.000000 0.000552
283 0.000000 0.000628
284 0.000000 0.000628
285 0.000000 0.000527
286 0.000000 0.000502
287 0.000000 0.000653
288 0.000000 0.000552
289 0.000000 0.000527
290 0.000000 0.000577
291 0.000000 0.000577
292 0.000000 0.000352
293 0.000000 0.000552
294 0.000000 0.000427
295 0.000000 0.000603
296 0.000000 0.000477
297 0.000000 0.000577
298 0.000000 0.000477
299 0.000000 0.000678
300 0.000000 0.000477
-----------------------------------
0 0.545867 0.686684
1 0.527331 0.649139
2 0.492623 0.612493
3 0.466569 0.578778
4 0.432050 0.545394
5 0.367411 0.513287
6 0.341403 0.482031
7 0.321260 0.454606
8 0.285370 0.421695
9 0.285370 0.391763
10 0.217988 0.363628
11 0.215907 0.334736
12 0.189474 0.307831
13 0.175809 0.278939
14 0.151078 0.252506
15 0.127530 0.228674
16 0.101192 0.209902
17 0.103698 0.190798
18 0.090269 0.172073
19 0.081568 0.154388
20 0.052062 0.139540
21 0.063363 0.126584
22 0.054710 0.115094
23 0.042936 0.105022
24 0.038443 0.095801
25 0.037639 0.085067
26 0.028892 0.077123
27 0.021988 0.070881
28 0.018678 0.063694
29 0.018347 0.055608
30 0.014848 0.050312
31 0.011349 0.046056
32 0.003830 0.039200
33 0.003830 0.035322
34 0.003830 0.032391
35 0.003830 0.030026
36 0.003830 0.025629
37 0.003830 0.025109
38 0.003830 0.021610
39 0.003830 0.019387
40 0.003830 0.016597
41 0.003830 0.014564
42 0.003830 0.013429
43 0.000000 0.011585
44 0.000000 0.005958
45 0.000000 0.005532
46 0.000000 0.004965
47 0.000000 0.003688
48 0.000000 0.001844
49 0.000000 0.001655
50 0.000000 0.001797
51 0.000000 0.001419
52 0.000000 0.002175
53 0.000000 0.001797
54 0.000000 0.001655
55 0.000000 0.002128
56 0.000000 0.001277
57 0.000000 0.001797
58 0.000000 0.001986
59 0.000000 0.001750
60 0.000000 0.001939
61 0.000000 0.001844
62 0.000000 0.001844
63 0.000000 0.001939
64 0.000000 0.001560
65 0.000000 0.001844
66 0.000000 0.001608
67 0.000000 0.001702
68 0.000000 0.001844
69 0.000000 0.002033
70 0.000000 0.001797
71 0.000000 0.001891
72 0.000000 0.001419
73 0.000000 0.001797
74 0.000000 0.001655
75 0.000000 0.002081
76 0.000000 0.001560
77 0.000000 0.001655
78 0.000000 0.001513
79 0.000000 0.001182
80 0.000000 0.002459
81 0.000000 0.001419
82 0.000000 0.001560
83 0.000000 0.001419
84 0.000000 0.001608
85 0.000000 0.001702
86 0.000000 0.001986
87 0.000000 0.001419
88 0.000000 0.001844
89 0.000000 0.001797
90 0.000000 0.002128
91 0.000000 0.001891
92 0.000000 0.001750
93 0.000000 0.001844
94 0.000000 0.002175
95 0.000000 0.001466
96 0.000000 0.001655
97 0.000000 0.001608
98 0.000000 0.001655
99 0.000000 0.001419
100 0.000000 0.001560
101 0.000000 0.001608
102 0.000000 0.001608
103 0.000000 0.001182
104 0.000000 0.001891
105 0.000000 0.002175
106 0.000000 0.001560
107 0.000000 0.002081
108 0.000000 0.001797
109 0.000000 0.002175
110 0.000000 0.001655
111 0.000000 0.001324
112 0.000000 0.001939
113 0.000000 0.001513
114 0.000000 0.001513
115 0.000000 0.001797
116 0.000000 0.001844
117 0.000000 0.001844
118 0.000000 0.002222
119 0.000000 0.001844
120 0.000000 0.001891
121 0.000000 0.001986
122 0.000000 0.001939
123 0.000000 0.002364
124 0.000000 0.001608
125 0.000000 0.001608
126 0.000000 0.001135
127 0.000000 0.001797
128 0.000000 0.002270
129 0.000000 0.001891
130 0.000000 0.001560
131 0.000000 0.001891
132 0.000000 0.001844
133 0.000000 0.001419
134 0.000000 0.002033
135 0.000000 0.001655
136 0.000000 0.001655
137 0.000000 0.001655
138 0.000000 0.001513
139 0.000000 0.002553
140 0.000000 0.001229
141 0.000000 0.001750
142 0.000000 0.001655
143 0.000000 0.002081
144 0.000000 0.001229
145 0.000000 0.001135
146 0.000000 0.001371
147 0.000000 0.001797
148 0.000000 0.002364
149 0.000000 0.001608
150 0.000000 0.001939
151 0.000000 0.001655
152 0.000000 0.001986
153 0.000000 0.001608
154 0.000000 0.002459
155 0.000000 0.001513
156 0.000000 0.001466
157 0.000000 0.001797
158 0.000000 0.001702
159 0.000000 0.001939
160 0.000000 0.001939
161 0.000000 0.001986
162 0.000000 0.001797
163 0.000000 0.001986
164 0.000000 0.001371
165 0.000000 0.001844
166 0.000000 0.001655
167 0.000000 0.001419
168 0.000000 0.002222
169 0.000000 0.002128
170 0.000000 0.001513
171 0.000000 0.001844
172 0.000000 0.002222
173 0.000000 0.001844
174 0.000000 0.001608
175 0.000000 0.001560
176 0.000000 0.001702
177 0.000000 0.001891
178 0.000000 0.001939
179 0.000000 0.001324
180 0.000000 0.001466
181 0.000000 0.001182
182 0.000000 0.002081
183 0.000000 0.001608
184 0.000000 0.001371
185 0.000000 0.002128
186 0.000000 0.001939
187 0.000000 0.001702
188 0.000000 0.001466
189 0.000000 0.001513
190 0.000000 0.001797
191 0.000000 0.001986
192 0.000000 0.001466
193 0.000000 0.002033
194 0.000000 0.001419
195 0.000000 0.001844
196 0.000000 0.001513
197 0.000000 0.001844
198 0.000000 0.001419
199 0.000000 0.001986
200 0.000000 0.001371
201 0.000000 0.001608
202 0.000000 0.001939
203 0.000000 0.001891
204 0.000000 0.001466
205 0.000000 0.001702
206 0.000000 0.001891
207 0.000000 0.001844
208 0.000000 0.002222
209 0.000000 0.001702
210 0.000000 0.001608
211 0.000000 0.001797
212 0.000000 0.001040
213 0.000000 0.001939
214 0.000000 0.001655
215 0.000000 0.001702
216 0.000000 0.002033
217 0.000000 0.002081
218 0.000000 0.001750
219 0.000000 0.002317
220 0.000000 0.001655
221 0.000000 0.001797
222 0.000000 0.002175
223 0.000000 0.001560
224 0.000000 0.001277
225 0.000000 0.001939
226 0.000000 0.001513
227 0.000000 0.001560
228 0.000000 0.001797
229 0.000000 0.001986
230 0.000000 0.001702
231 0.000000 0.001655
232 0.000000 0.001844
233 0.000000 0.001750
234 0.000000 0.002081
235 0.000000 0.001891
236 0.000000 0.001608
237 0.000000 0.002033
238 0.000000 0.001560
239 0.000000 0.001939
240 0.000000 0.002222
241 0.000000 0.001797
242 0.000000 0.001608
243 0.000000 0.001655
244 0.000000 0.002033
245 0.000000 0.001702
246 0.000000 0.001750
247 0.000000 0.001419
248 0.000000 0.001608
249 0.000000 0.001891
250 0.000000 0.001986
251 0.000000 0.001229
252 0.000000 0.001655
253 0.000000 0.001655
254 0.000000 0.001702
255 0.000000 0.001655
256 0.000000 0.001891
257 0.000000 0.001939
258 0.000000 0.001986
259 0.000000 0.001088
260 0.000000 0.002033
261 0.000000 0.002128
262 0.000000 0.001655
263 0.000000 0.001750
264 0.000000 0.001324
265 0.000000 0.001797
266 0.000000 0.001655
267 0.000000 0.001513
268 0.000000 0.001608
269 0.000000 0.001608
270 0.000000 0.001608
271 0.000000 0.002128
272 0.000000 0.001419
273 0.000000 0.001608
274 0.000000 0.001844
275 0.000000 0.002270
276 0.000000 0.001702
277 0.000000 0.001182
278 0.000000 0.001655
279 0.000000 0.001513
280 0.000000 0.001324
281 0.000000 0.001939
282 0.000000 0.001986
283 0.000000 0.002270
284 0.000000 0.001466
285 0.000000 0.001513
286 0.000000 0.001750
287 0.000000 0.001655
288 0.000000 0.002033
289 0.000000 0.001797
290 0.000000 0.002033
291 0.000000 0.001466
292 0.000000 0.001702
293 0.000000 0.001324
294 0.000000 0.001797
295 0.000000 0.001891
296 0.000000 0.001891
297 0.000000 0.001797
298 0.000000 0.001891
299 0.000000 0.001702
300 0.000000 0.001702
-----------------------------------
0 0.152861 0.214562
1 0.137053 0.196516
2 0.125156 0.180465
3 0.115054 0.165968
4 0.097613 0.151914
5 0.084627 0.139674
6 0.078134 0.126931
7 0.070593 0.114046
8 0.057084 0.103037
9 0.056640 0.093358
10 0.044763 0.083175
11 0.040751 0.074485
12 0.031778 0.066016
13 0.024741 0.058455
14 0.024741 0.052305
15 0.017583 0.045147
16 0.013731 0.039783
17 0.011251 0.034440
18 0.009174 0.029621
19 0.007138 0.025769
20 0.006956 0.022281
21 0.002883 0.019841
22 0.002601 0.017724
23 0.002037 0.015667
24 0.002037 0.013711
25 0.001795 0.012118
26 0.001674 0.010808
27 0.000746 0.009658
28 0.000746 0.009114
29 0.000202 0.007662
30 0.000081 0.007461
31 0.000081 0.006412
32 0.000081 0.006009
33 0.000081 0.005142
34 0.000020 0.005424
35 0.000020 0.004275
36 0.000020 0.003972
37 0.000020 0.003065
38 0.000020 0.001109
39 0.000020 0.000625
40 0.000020 0.000968
41 0.000020 0.001593
42 0.000020 0.002319
43 0.000020 0.001956
44 0.000020 0.000363
45 0.000020 0.000464
46 0.000020 0.000383
47 0.000020 0.000484
48 0.000020 0.000323
49 0.000020 0.000464
50 0.000020 0.000504
51 0.000020 0.000444
52 0.000020 0.000383
53 0.000020 0.000343
54 0.000020 0.000444
55 0.000020 0.000343
56 0.000020 0.000383
57 0.000020 0.000383
58 0.000020 0.000444
59 0.000020 0.000323
60 0.000020 0.000363
61 0.000020 0.000363
62 0.000020 0.000363
63 0.000020 0.000504
64 0.000020 0.000323
65 0.000020 0.000363
66 0.000020 0.000343
67 0.000020 0.000444
68 0.000020 0.000363
69 0.000020 0.000343
70 0.000020 0.000323
71 0.000020 0.000464
72 0.000020 0.000262
73 0.000020 0.000423
74 0.000020 0.000323
75 0.000020 0.000403
76 0.000020 0.000444
77 0.000020 0.000524
78 0.000020 0.000323
79 0.000020 0.000444
80 0.000020 0.000444
81 0.000020 0.000403
82 0.000020 0.000403
83 0.000020 0.000444
84 0.000020 0.000363
85 0.000020 0.000363
86 0.000020 0.000343
87 0.000020 0.000423
88 0.000020 0.000544
89 0.000020 0.000323
90 0.000020 0.000343
91 0.000020 0.000343
92 0.000020 0.000302
93 0.000020 0.000383
94 0.000020 0.000302
95 0.000020 0.000403
96 0.000020 0.000464
97 0.000020 0.000302
98 0.000020 0.000343
99 0.000020 0.000403
100 0.000020 0.000302
101 0.000020 0.000323
102 0.000020 0.000403
103 0.000020 0.000343
104 0.000020 0.000444
105 0.000020 0.000323
106 0.000020 0.000383
107 0.000020 0.000323
108 0.000020 0.000383
109 0.000020 0.000383
110 0.000020 0.000423
111 0.000020 0.000464
112 0.000020 0.000464
113 0.000020 0.000423
114 0.000020 0.000504
115 0.000020 0.000282
116 0.000020 0.000383
117 0.000020 0.000423
118 0.000020 0.000282
119 0.000020 0.000464
120 0.000020 0.000585
121 0.000020 0.000383
122 0.000020 0.000302
123 0.000020 0.000302
124 0.000020 0.000444
125 0.000020 0.000343
126 0.000020 0.000524
127 0.000020 0.000323
128 0.000020 0.000423
129 0.000020 0.000504
130 0.000020 0.000343
131 0.000020 0.000343
132 0.000020 0.000383
133 0.000020 0.000302
134 0.000020 0.000343
135 0.000020 0.000363
136 0.000020 0.000343
137 0.000020 0.000444
138 0.000020 0.000464
139 0.000020 0.000363
140 0.000020 0.000423
141 0.000020 0.000383
142 0.000020 0.000464
143 0.000020 0.000444
144 0.000020 0.000383
145 0.000020 0.000363
146 0.000020 0.000444
147 0.000020 0.000423
148 0.000020 0.000343
149 0.000020 0.000323
150 0.000020 0.000383
151 0.000020 0.000343
152 0.000020 0.000383
153 0.000020 0.000484
154 0.000020 0.000282
155 0.000020 0.000323
156 0.000020 0.000484
157 0.000020 0.000343
158 0.000020 0.000484
159 0.000020 0.000302
160 0.000020 0.000464
161 0.000020 0.000343
162 0.000020 0.000323
163 0.000020 0.000383
164 0.000020 0.000464
165 0.000020 0.000343
166 0.000020 0.000444
167 0.000020 0.000423
168 0.000020 0.000383
169 0.000020 0.000444
170 0.000020 0.000464
171 0.000020 0.000323
172 0.000020 0.000302
173 0.000020 0.000403
174 0.000020 0.000383
175 0.000020 0.000383
176 0.000020 0.000484
177 0.000020 0.000504
178 0.000020 0.000343
179 0.000020 0.000383
180 0.000020 0.000383
181 0.000020 0.000363
182 0.000020 0.000403
183 0.000020 0.000524
184 0.000020 0.000383
185 0.000020 0.000363
186 0.000020 0.000343
187 0.000020 0.000423
188 0.000020 0.000363
189 0.000020 0.000403
190 0.000020 0.000383
191 0.000020 0.000343
192 0.000020 0.000383
193 0.000020 0.000423
194 0.000020 0.000464
195 0.000020 0.000484
196 0.000020 0.000363
197 0.000020 0.000423
198 0.000020 0.000302
199 0.000020 0.000444
200 0.000020 0.000423
201 0.000020 0.000444
202 0.000020 0.000343
203 0.000020 0.000363
204 0.000020 0.000302
205 0.000020 0.000484
206 0.000020 0.000302
207 0.000020 0.000383
208 0.000020 0.000403
209 0.000020 0.000444
210 0.000020 0.000383
211 0.000020 0.000464
212 0.000020 0.000302
213 0.000020 0.000383
214 0.000020 0.000464
215 0.000020 0.000464
216 0.000020 0.000383
217 0.000020 0.000343
218 0.000020 0.000323
219 0.000020 0.000403
220 0.000020 0.000363
221 0.000020 0.000363
222 0.000020 0.000343
223 0.000020 0.000423
224 0.000020 0.000323
225 0.000020 0.000383
226 0.000020 0.000363
227 0.000020 0.000363
228 0.000020 0.000323
229 0.000020 0.000323
230 0.000020 0.000383
231 0.000020 0.000383
232 0.000020 0.000343
233 0.000020 0.000464
234 0.000020 0.000363
235 0.000020 0.000323
236 0.000020 0.000343
237 0.000020 0.000323
238 0.000020 0.000444
239 0.000020 0.000403
240 0.000020 0.000302
241 0.000020 0.000383
242 0.000020 0.000323
243 0.000020 0.000423
244 0.000020 0.000302
245 0.000020 0.000403
246 0.000020 0.000423
247 0.000020 0.000363
248 0.000020 0.000363
249 0.000020 0.000403
250 0.000020 0.000343
251 0.000020 0.000423
252 0.000020 0.000363
253 0.000020 0.000383
254 0.000020 0.000383
255 0.000020 0.000444
256 0.000020 0.000423
257 0.000020 0.000423
258 0.000020 0.000282
259 0.000020 0.000444
260 0.000020 0.000343
261 0.000020 0.000423
262 0.000020 0.000262
263 0.000020 0.000444
264 0.000020 0.000383
265 0.000020 0.000403
266 0.000020 0.000423
267 0.000020 0.000403
268 0.000020 0.000383
269 0.000020 0.000323
270 0.000020 0.000383
271 0.000020 0.000383
272 0.000020 0.000403
273 0.000020 0.000524
274 0.000020 0.000464
275 0.000020 0.000323
276 0.000020 0.000302
277 0.000020 0.000464
278 0.000020 0.000282
279 0.000020 0.000444
280 0.000020 0.000403
281 0.000020 0.000403
282 0.000020 0.000383
283 0.000020 0.000403
284 0.000020 0.000484
285 0.000020 0.000403
286 0.000020 0.000323
287 0.000020 0.000444
288 0.000020 0.000464
289 0.000020 0.000343
290 0.000020 0.000323
291 0.000020 0.000383
292 0.000020 0.000403
293 0.000020 0.000544
294 0.000020 0.000444
295 0.000020 0.000403
296 0.000020 0.000524
297 0.000020 0.000423
298 0.000020 0.000484
299 0.000020 0.000363
300 0.000020 0.000363
-----------------------------------
0 0.145594 0.222731
1 0.131655 0.200359
2 0.123820 0.181410
3 0.106809 0.165388
4 0.090952 0.151099
5 0.077859 0.135882
6 0.061508 0.120727
7 0.067034 0.108376
8 0.056538 0.095757
9 0.042847 0.085983
10 0.038538 0.075879
11 0.033094 0.067858
12 0.032063 0.059734
13 0.027609 0.052827
14 0.022455 0.046497
15 0.018722 0.041610
16 0.017341 0.037136
17 0.012908 0.032723
18 0.010722 0.028826
19 0.008495 0.024867
20 0.007237 0.022166
21 0.005072 0.019692
22 0.004846 0.018021
23 0.002598 0.015444
24 0.001650 0.013671
25 0.001072 0.012165
26 0.000784 0.010557
27 0.000784 0.009444
28 0.000557 0.008207
29 0.000412 0.007938
30 0.000206 0.007361
31 0.000082 0.006310
32 0.000082 0.006145
33 0.000082 0.005732
34 0.000041 0.005155
35 0.000041 0.004846
36 0.000041 0.004619
37 0.000041 0.004227
38 0.000041 0.003773
39 0.000041 0.002763
40 0.000041 0.002433
41 0.000041 0.002516
42 0.000041 0.001443
43 0.000041 0.000433
44 0.000041 0.000351
45 0.000041 0.000392
46 0.000041 0.000412
47 0.000041 0.000474
48 0.000041 0.000433
49 0.000041 0.000454
50 0.000041 0.000495
51 0.000041 0.000392
52 0.000041 0.000330
53 0.000041 0.000412
54 0.000041 0.000433
55 0.000041 0.000351
56 0.000041 0.000433
57 0.000041 0.000474
58 0.000041 0.000371
59 0.000041 0.000351
60 0.000041 0.000515
61 0.000041 0.000433
62 0.000041 0.000412
63 0.000041 0.000330
64 0.000041 0.000412
65 0.000041 0.000536
66 0.000041 0.000495
67 0.000041 0.000392
68 0.000041 0.000351
69 0.000041 0.000412
70 0.000041 0.000454
71 0.000041 0.000309
72 0.000041 0.000515
73 0.000041 0.000392
74 0.000041 0.000392
75 0.000041 0.000392
76 0.000041 0.000454
77 0.000041 0.000330
78 0.000041 0.000351
79 0.000041 0.000392
80 0.000041 0.000433
81 0.000041 0.000309
82 0.000041 0.000371
83 0.000041 0.000454
84 0.000041 0.000392
85 0.000041 0.000515
86 0.000041 0.000351
87 0.000041 0.000495
88 0.000041 0.000330
89 0.000041 0.000454
90 0.000041 0.000351
91 0.000041 0.000412
92 0.000041 0.000454
93 0.000041 0.000351
94 0.000041 0.000392
95 0.000041 0.000474
96 0.000041 0.000351
97 0.000041 0.000433
98 0.000041 0.000474
99 0.000041 0.000474
100 0.000041 0.000330
101 0.000041 0.000392
102 0.000041 0.000433
103 0.000041 0.000351
104 0.000041 0.000433
105 0.000041 0.000371
106 0.000041 0.000412
107 0.000041 0.000515
108 0.000041 0.000371
109 0.000041 0.000330
110 0.000041 0.000392
111 0.000041 0.000392
112 0.000041 0.000474
113 0.000041 0.000351
114 0.000041 0.000371
115 0.000041 0.000392
116 0.000041 0.000412
117 0.000041 0.000412
118 0.000041 0.000412
119 0.000041 0.000412
120 0.000041 0.000392
121 0.000041 0.000433
122 0.000041 0.000433
123 0.000041 0.000454
124 0.000041 0.000433
125 0.000041 0.000392
126 0.000041 0.000351
127 0.000041 0.000392
128 0.000041 0.000412
129 0.000041 0.000392
130 0.000041 0.000330
131 0.000041 0.000330
132 0.000041 0.000412
133 0.000041 0.000412
134 0.000041 0.000351
135 0.000041 0.000412
136 0.000041 0.000412
137 0.000041 0.000454
138 0.000041 0.000392
139 0.000041 0.000495
140 0.000041 0.000371
141 0.000041 0.000371
142 0.000041 0.000392
143 0.000041 0.000392
144 0.000041 0.000392
145 0.000041 0.000433
146 0.000041 0.000454
147 0.000041 0.000289
148 0.000041 0.000454
149 0.000041 0.000371
150 0.000041 0.000433
151 0.000041 0.000433
152 0.000041 0.000454
153 0.000041 0.000371
154 0.000041 0.000454
155 0.000041 0.000351
156 0.000041 0.000474
157 0.000041 0.000351
158 0.000041 0.000495
159 0.000041 0.000495
160 0.000041 0.000454
161 0.000041 0.000577
162 0.000041 0.000371
163 0.000041 0.000392
164 0.000041 0.000371
165 0.000041 0.000433
166 0.000041 0.000495
167 0.000041 0.000351
168 0.000041 0.000412
169 0.000041 0.000433
170 0.000041 0.000433
171 0.000041 0.000495
172 0.000041 0.000371
173 0.000041 0.000433
174 0.000041 0.000351
175 0.000041 0.000412
176 0.000041 0.000392
177 0.000041 0.000392
178 0.000041 0.000536
179 0.000041 0.000495
180 0.000041 0.000351
181 0.000041 0.000536
182 0.000041 0.000309
183 0.000041 0.000371
184 0.000041 0.000392
185 0.000041 0.000433
186 0.000041 0.000351
187 0.000041 0.000392
188 0.000041 0.000351
189 0.000041 0.000371
190 0.000041 0.000392
191 0.000041 0.000371
192 0.000041 0.000454
193 0.000041 0.000433
194 0.000041 0.000433
195 0.000041 0.000474
196 0.000041 0.000474
197 0.000041 0.000351
198 0.000041 0.000392
199 0.000041 0.000474
200 0.000041 0.000433
201 0.000041 0.000474
202 0.000041 0.000495
203 0.000041 0.000412
204 0.000041 0.000351
205 0.000041 0.000309
206 0.000041 0.000392
207 0.000041 0.000330
208 0.000041 0.000515
209 0.000041 0.000433
210 0.000041 0.000495
211 0.000041 0.000433
212 0.000041 0.000515
213 0.000041 0.000392
214 0.000041 0.000371
215 0.000041 0.000433
216 0.000041 0.000351
217 0.000041 0.000454
218 0.000041 0.000474
219 0.000041 0.000433
220 0.000041 0.000433
221 0.000041 0.000454
222 0.000041 0.000351
223 0.000041 0.000330
224 0.000041 0.000392
225 0.000041 0.000351
226 0.000041 0.000371
227 0.000041 0.000309
228 0.000041 0.000412
229 0.000041 0.000433
230 0.000041 0.000412
231 0.000041 0.000351
232 0.000041 0.000392
233 0.000041 0.000474
234 0.000041 0.000392
235 0.000041 0.000371
236 0.000041 0.000454
237 0.000041 0.000412
238 0.000041 0.000433
239 0.000041 0.000351
240 0.000041 0.000268
241 0.000041 0.000412
242 0.000041 0.000474
243 0.000041 0.000392
244 0.000041 0.000351
245 0.000041 0.000351
246 0.000041 0.000392
247 0.000041 0.000495
248 0.000041 0.000412
249 0.000041 0.000351
250 0.000041 0.000392
251 0.000041 0.000412
252 0.000041 0.000412
253 0.000041 0.000392
254 0.000041 0.000474
255 0.000041 0.000330
256 0.000041 0.000392
257 0.000041 0.000351
258 0.000041 0.000412
259 0.000041 0.000371
260 0.000041 0.000433
261 0.000041 0.000309
262 0.000041 0.000454
263 0.000041 0.000474
264 0.000041 0.000392
265 0.000041 0.000392
266 0.000041 0.000351
267 0.000041 0.000392
268 0.000041 0.000309
269 0.000041 0.000392
270 0.000041 0.000351
271 0.000041 0.000351
272 0.000041 0.000515
273 0.000041 0.000351
274 0.000041 0.000433
275 0.000041 0.000371
276 0.000041 0.000433
277 0.000041 0.000474
278 0.000041 0.000392
279 0.000041 0.000371
280 0.000041 0.000268
281 0.000041 0.000433
282 0.000041 0.000412
283 0.000041 0.000412
284 0.000041 0.000454
285 0.000041 0.000268
286 0.000041 0.000454
287 0.000041 0.000371
288 0.000041 0.000371
289 0.000041 0.000433
290 0.000041 0.000392
291 0.000041 0.000371
292 0.000041 0.000392
293 0.000041 0.000351
294 0.000041 0.000392
295 0.000041 0.000474
296 0.000041 0.000536
297 0.000041 0.000392
298 0.000041 0.000433
299 0.000041 0.000412
300 0.000041 0.000454
-----------------------------------
0 0.199112 0.299784
1 0.199112 0.276037
2 0.182222 0.254545
3 0.167380 0.234824
4 0.144576 0.215656
5 0.129044 0.197961
6 0.102214 0.179990
7 0.098371 0.162916
8 0.088913 0.148649
9 0.083391 0.133301
10 0.069423 0.120369
11 0.059046 0.107345
12 0.056422 0.096093
13 0.046551 0.086773
14 0.043237 0.076488
15 0.033066 0.068066
16 0.033066 0.061163
17 0.025703 0.054512
18 0.024875 0.048438
19 0.018132 0.043651
20 0.016453 0.039394
21 0.014681 0.034309
22 0.011045 0.030305
23 0.008882 0.027176
24 0.007686 0.024299
25 0.005108 0.021515
26 0.005062 0.018685
27 0.003728 0.017143
28 0.003728 0.015072
29 0.003360 0.013415
30 0.002324 0.012357
31 0.002002 0.011068
32 0.001312 0.010033
33 0.000989 0.009526
34 0.000000 0.008744
35 0.000000 0.007916
36 0.000713 0.006558
37 0.000000 0.005523
38 0.000000 0.005200
39 0.000000 0.003820
40 0.000000 0.002508
41 0.000000 0.002324
42 0.000000 0.002324
43 0.000000 0.002853
44 0.000000 0.003774
45 0.000000 0.003360
46 0.000000 0.004234
47 0.000000 0.004418
48 0.000000 0.003912
49 0.000000 0.004073
50 0.000000 0.003383
51 0.000000 0.002186
52 0.000000 0.001703
53 0.000000 0.000598
54 0.000000 0.000414
55 0.000000 0.000299
56 0.000000 0.000391
57 0.000000 0.000483
58 0.000000 0.000437
59 0.000000 0.000483
60 0.000000 0.000529
61 0.000000 0.000460
62 0.000000 0.000414
63 0.000000 0.000460
64 0.000000 0.000414
65 0.000000 0.000345
66 0.000000 0.000483
67 0.000000 0.000552
68 0.000000 0.000506
69 0.000000 0.000575
70 0.000000 0.000299
71 0.000000 0.000483
72 0.000000 0.000506
73 0.000000 0.000414
74 0.000000 0.000575
75 0.000000 0.000460
76 0.000000 0.000414
77 0.000000 0.000345
78 0.000000 0.000391
79 0.000000 0.000368
80 0.000000 0.000368
81 0.000000 0.000437
82 0.000000 0.000391
83 0.000000 0.000322
84 0.000000 0.000644
85 0.000000 0.000437
86 0.000000 0.000460
87 0.000000 0.000391
88 0.000000 0.000345
89 0.000000 0.000460
90 0.000000 0.000483
91 0.000000 0.000483
92 0.000000 0.000460
93 0.000000 0.000368
94 0.000000 0.000437
95 0.000000 0.000414
96 0.000000 0.000437
97 0.000000 0.000529
98 0.000000 0.000460
99 0.000000 0.000506
100 0.000000 0.000460
101 0.000000 0.000552
102 0.000000 0.000483
103 0.000000 0.000529
104 0.000000 0.000437
105 0.000000 0.000414
106 0.000000 0.000529
107 0.000000 0.000506
108 0.000000 0.000368
109 0.000000 0.000322
110 0.000000 0.000529
111 0.000000 0.000368
112 0.000000 0.000483
113 0.000000 0.000414
114 0.000000 0.000506
115 0.000000 0.000506
116 0.000000 0.000391
117 0.000000 0.000322
118 0.000000 0.000483
119 0.000000 0.000414
120 0.000000 0.000437
121 0.000000 0.000345
122 0.000000 0.000483
123 0.000000 0.000391
124 0.000000 0.000437
125 0.000000 0.000437
126 0.000000 0.000483
127 0.000000 0.000460
128 0.000000 0.000391
129 0.000000 0.000345
130 0.000000 0.000483
131 0.000000 0.000483
132 0.000000 0.000529
133 0.000000 0.000368
134 0.000000 0.000322
135 0.000000 0.000368
136 0.000000 0.000437
137 0.000000 0.000414
138 0.000000 0.000575
139 0.000000 0.000460
140 0.000000 0.000230
141 0.000000 0.000322
142 0.000000 0.000575
143 0.000000 0.000391
144 0.000000 0.000483
145 0.000000 0.000483
146 0.000000 0.000529
147 0.000000 0.000529
148 0.000000 0.000414
149 0.000000 0.000598
150 0.000000 0.000437
151 0.000000 0.000529
152 0.000000 0.000483
153 0.000000 0.000391
154 0.000000 0.000414
155 0.000000 0.000552
156 0.000000 0.000414
157 0.000000 0.000437
158 0.000000 0.000414
159 0.000000 0.000391
160 0.000000 0.000437
161 0.000000 0.000414
162 0.000000 0.000437
163 0.000000 0.000391
164 0.000000 0.000460
165 0.000000 0.000414
166 0.000000 0.000460
167 0.000000 0.000414
168 0.000000 0.000345
169 0.000000 0.000414
170 0.000000 0.000483
171 0.000000 0.000345
172 0.000000 0.000552
173 0.000000 0.000506
174 0.000000 0.000368
175 0.000000 0.000483
176 0.000000 0.000506
177 0.000000 0.000437
178 0.000000 0.000345
179 0.000000 0.000506
180 0.000000 0.000414
181 0.000000 0.000598
182 0.000000 0.000414
183 0.000000 0.000368
184 0.000000 0.000506
185 0.000000 0.000368
186 0.000000 0.000276
187 0.000000 0.000460
188 0.000000 0.000483
189 0.000000 0.000506
190 0.000000 0.000414
191 0.000000 0.000437
192 0.000000 0.000460
193 0.000000 0.000506
194 0.000000 0.000483
195 0.000000 0.000322
196 0.000000 0.000483
197 0.000000 0.000414
198 0.000000 0.000276
199 0.000000 0.000460
200 0.000000 0.000437
201 0.000000 0.000391
202 0.000000 0.000552
203 0.000000 0.000437
204 0.000000 0.000506
205 0.000000 0.000391
206 0.000000 0.000437
207 0.000000 0.000506
208 0.000000 0.000345
209 0.000000 0.000437
210 0.000000 0.000529
211 0.000000 0.000506
212 0.000000 0.000483
213 0.000000 0.000437
214 0.000000 0.000529
215 0.000000 0.000437
216 0.000000 0.000483
217 0.000000 0.000322
218 0.000000 0.000529
219 0.000000 0.000506
220 0.000000 0.000460
221 0.000000 0.000552
222 0.000000 0.000460
223 0.000000 0.000391
224 0.000000 0.000391
225 0.000000 0.000529
226 0.000000 0.000391
227 0.000000 0.000368
228 0.000000 0.000299
229 0.000000 0.000552
230 0.000000 0.000437
231 0.000000 0.000460
232 0.000000 0.000506
233 0.000000 0.000460
234 0.000000 0.000299
235 0.000000 0.000460
236 0.000000 0.000460
237 0.000000 0.000414
238 0.000000 0.000575
239 0.000000 0.000414
240 0.000000 0.000368
241 0.000000 0.000483
242 0.000000 0.000437
243 0.000000 0.000414
244 0.000000 0.000391
245 0.000000 0.000460
246 0.000000 0.000414
247 0.000000 0.000345
248 0.000000 0.000437
249 0.000000 0.000414
250 0.000000 0.000345
251 0.000000 0.000483
252 0.000000 0.000391
253 0.000000 0.000368
254 0.000000 0.000506
255 0.000000 0.000414
256 0.000000 0.000368
257 0.000000 0.000345
258 0.000000 0.000437
259 0.000000 0.000345
260 0.000000 0.000483
261 0.000000 0.000506
262 0.000000 0.000368
263 0.000000 0.000460
264 0.000000 0.000506
265 0.000000 0.000414
266 0.000000 0.000322
267 0.000000 0.000391
268 0.000000 0.000414
269 0.000000 0.000414
270 0.000000 0.000506
271 0.000000 0.000483
272 0.000000 0.000437
273 0.000000 0.000552
274 0.000000 0.000391
275 0.000000 0.000437
276 0.000000 0.000276
277 0.000000 0.000483
278 0.000000 0.000414
279 0.000000 0.000437
280 0.000000 0.000460
281 0.000000 0.000460
282 0.000000 0.000529
283 0.000000 0.000414
284 0.000000 0.000483
285 0.000000 0.000529
286 0.000000 0.000414
287 0.000000 0.000437
288 0.000000 0.000483
289 0.000000 0.000345
290 0.000000 0.000529
291 0.000000 0.000667
292 0.000000 0.000437
293 0.000000 0.000414
294 0.000000 0.000483
295 0.000000 0.000552
296 0.000000 0.000506
297 0.000000 0.000529
298 0.000000 0.000437
299 0.000000 0.000437
300 0.000000 0.000368
-----------------------------------
0 0.602349 0.823714
1 0.602349 0.775839
2 0.530984 0.722483
3 0.491387 0.675839
4 0.449217 0.625951
5 0.377852 0.576398
6 0.294519 0.526622
7 0.293400 0.475727
8 0.218792 0.427069
9 0.206152 0.379978
10 0.141163 0.335123
11 0.136801 0.298322
12 0.071141 0.263758
13 0.071141 0.230761
14 0.071141 0.202125
15 0.052796 0.175391
16 0.058949 0.150112
17 0.043624 0.129866
18 0.027293 0.113758
19 0.032662 0.100559
20 0.023826 0.092617
21 0.007383 0.086689
22 0.011186 0.081208
23 0.011186 0.074609
24 0.002573 0.068792
25 0.006152 0.061745
26 0.002573 0.056152
27 0.001230 0.051678
28 0.000000 0.049329
29 0.000000 0.043848
30 0.001230 0.035570
31 0.000000 0.031432
32 0.000000 0.022371
33 0.000000 0.013423
34 0.000000 0.021029
35 0.000000 0.016555
36 0.000000 0.011298
37 0.000000 0.010850
38 0.000000 0.013535
39 0.000000 0.016107
40 0.000000 0.015772
41 0.000000 0.007383
42 0.000000 0.005369
43 0.000000 0.006376
44 0.000000 0.007159
45 0.000000 0.005928
46 0.000000 0.006152
47 0.000000 0.006040
48 0.000000 0.006600
49 0.000000 0.006488
50 0.000000 0.006488
51 0.000000 0.004474
52 0.000000 0.006600
53 0.000000 0.005481
54 0.000000 0.005369
55 0.000000 0.006264
56 0.000000 0.005481
57 0.000000 0.006600
58 0.000000 0.005593
59 0.000000 0.005145
60 0.000000 0.006935
61 0.000000 0.007718
62 0.000000 0.005257
63 0.000000 0.005145
64 0.000000 0.004139
65 0.000000 0.005481
66 0.000000 0.006376
67 0.000000 0.005481
68 0.000000 0.004810
69 0.000000 0.007271
70 0.000000 0.006600
71 0.000000 0.005817
72 0.000000 0.007159
73 0.000000 0.006264
74 0.000000 0.005481
75 0.000000 0.006711
76 0.000000 0.006935
77 0.000000 0.004586
78 0.000000 0.003803
79 0.000000 0.004810
80 0.000000 0.006264
81 0.000000 0.005369
82 0.000000 0.006152
83 0.000000 0.006935
84 0.000000 0.006376
85 0.000000 0.007159
86 0.000000 0.005369
87 0.000000 0.005928
88 0.000000 0.006711
89 0.000000 0.005257
90 0.000000 0.005369
91 0.000000 0.005817
92 0.000000 0.005145
93 0.000000 0.005145
94 0.000000 0.005257
95 0.000000 0.006488
96 0.000000 0.006152
97 0.000000 0.006376
98 0.000000 0.006823
99 0.000000 0.005369
100 0.000000 0.005928
101 0.000000 0.007271
102 0.000000 0.004586
103 0.000000 0.004698
104 0.000000 0.004698
105 0.000000 0.006935
106 0.000000 0.005593
107 0.000000 0.006040
108 0.000000 0.005145
109 0.000000 0.008054
110 0.000000 0.007159
111 0.000000 0.005705
112 0.000000 0.006823
113 0.000000 0.005928
114 0.000000 0.005593
115 0.000000 0.006600
116 0.000000 0.005928
117 0.000000 0.006488
118 0.000000 0.006935
119 0.000000 0.006600
120 0.000000 0.006600
121 0.000000 0.006040
122 0.000000 0.006264
123 0.000000 0.007830
124 0.000000 0.006152
125 0.000000 0.004810
126 0.000000 0.005928
127 0.000000 0.006040
128 0.000000 0.003691
129 0.000000 0.005593
130 0.000000 0.004810
131 0.000000 0.005705
132 0.000000 0.005928
133 0.000000 0.008277
134 0.000000 0.007271
135 0.000000 0.006600
136 0.000000 0.006600
137 0.000000 0.006264
138 0.000000 0.006040
139 0.000000 0.007047
140 0.000000 0.008725
141 0.000000 0.004922
142 0.000000 0.005928
143 0.000000 0.006376
144 0.000000 0.006040
145 0.000000 0.007718
146 0.000000 0.007271
147 0.000000 0.006376
148 0.000000 0.006040
149 0.000000 0.006600
150 0.000000 0.007718
151 0.000000 0.005257
152 0.000000 0.006040
153 0.000000 0.005817
154 0.000000 0.007606
155 0.000000 0.006152
156 0.000000 0.005817
157 0.000000 0.005145
158 0.000000 0.006935
159 0.000000 0.007383
160 0.000000 0.005705
161 0.000000 0.004698
162 0.000000 0.005481
163 0.000000 0.006264
164 0.000000 0.006711
165 0.000000 0.003468
166 0.000000 0.005593
167 0.000000 0.005369
168 0.000000 0.006823
169 0.000000 0.005034
170 0.000000 0.007383
171 0.000000 0.005369
172 0.000000 0.005928
173 0.000000 0.007718
174 0.000000 0.007271
175 0.000000 0.005817
176 0.000000 0.006376
177 0.000000 0.005705
178 0.000000 0.005369
179 0.000000 0.005257
180 0.000000 0.003803
181 0.000000 0.007383
182 0.000000 0.006152
183 0.000000 0.006040
184 0.000000 0.006823
185 0.000000 0.005928
186 0.000000 0.006711
187 0.000000 0.005369
188 0.000000 0.006711
189 0.000000 0.007718
190 0.000000 0.005257
191 0.000000 0.006040
192 0.000000 0.006488
193 0.000000 0.005257
194 0.000000 0.007606
195 0.000000 0.004027
196 0.000000 0.005928
197 0.000000 0.005593
198 0.000000 0.006711
199 0.000000 0.005928
200 0.000000 0.005145
201 0.000000 0.007830
202 0.000000 0.005705
203 0.000000 0.004922
204 0.000000 0.007047
205 0.000000 0.006935
206 0.000000 0.006376
207 0.000000 0.005817
208 0.000000 0.005145
209 0.000000 0.006376
210 0.000000 0.004586
211 0.000000 0.005928
212 0.000000 0.007494
213 0.000000 0.005928
214 0.000000 0.008389
215 0.000000 0.005928
216 0.000000 0.005593
217 0.000000 0.008725
218 0.000000 0.006264
219 0.000000 0.007047
220 0.000000 0.006711
221 0.000000 0.004251
222 0.000000 0.005369
223 0.000000 0.007047
224 0.000000 0.008166
225 0.000000 0.006264
226 0.000000 0.006711
227 0.000000 0.004810
228 0.000000 0.006600
229 0.000000 0.007494
230 0.000000 0.007383
231 0.000000 0.005593
232 0.000000 0.006152
233 0.000000 0.005481
234 0.000000 0.008725
235 0.000000 0.004251
236 0.000000 0.007383
237 0.000000 0.005369
238 0.000000 0.005593
239 0.000000 0.005817
240 0.000000 0.006152
241 0.000000 0.007159
242 0.000000 0.008054
243 0.000000 0.006823
244 0.000000 0.007047
245 0.000000 0.006711
246 0.000000 0.004698
247 0.000000 0.004474
248 0.000000 0.006935
249 0.000000 0.005817
250 0.000000 0.006488
251 0.000000 0.005705
252 0.000000 0.005593
253 0.000000 0.006600
254 0.000000 0.008166
255 0.000000 0.005481
256 0.000000 0.007383
257 0.000000 0.006823
258 0.000000 0.007830
259 0.000000 0.004810
260 0.000000 0.005817
261 0.000000 0.006488
262 0.000000 0.006040
263 0.000000 0.005817
264 0.000000 0.006600
265 0.000000 0.006376
266 0.000000 0.007047
267 0.000000 0.005257
268 0.000000 0.004251
269 0.000000 0.006711
270 0.000000 0.005145
271 0.000000 0.005369
272 0.000000 0.008054
273 0.000000 0.005034
274 0.000000 0.006152
275 0.000000 0.006600
276 0.000000 0.005481
277 0.000000 0.006264
278 0.000000 0.006488
279 0.000000 0.007047
280 0.000000 0.005817
281 0.000000 0.006040
282 0.000000 0.005817
283 0.000000 0.007271
284 0.000000 0.004810
285 0.000000 0.006264
286 0.000000 0.004251
287 0.000000 0.006376
288 0.000000 0.005257
289 0.000000 0.005257
290 0.000000 0.006040
291 0.000000 0.004139
292 0.000000 0.005034
293 0.000000 0.004698
294 0.000000 0.007494
295 0.000000 0.007159
296 0.000000 0.007271
297 0.000000 0.006376
298 0.000000 0.005145
299 0.000000 0.006040
300 0.000000 0.005817
-----------------------------------
