0.112337 0.515935 14 0.0147684
0.0651271 0.305238 14 0.0292971
0.0467808 0.364781 15 0.0444607
0.0372283 0.253591 20 0.0591999
0.0308281 0.232304 20 0.0740101
0.0264424 0.187676 22 0.0889196
0.0226352 0.174818 25 0.103826
0.0201408 0.150403 27 0.118535
0.0191765 0.185017 26 0.133947
0.0167913 0.125453 26 0.148663
0.0159251 0.122567 33 0.163252
0.0139401 0.121038 35 0.178465
0.013817 0.11117 39 0.193233
0.0122665 0.111069 39 0.208537
0.0117989 0.110318 46 0.22328
0.0107964 0.111821 53 0.237813
0.0102634 0.0668305 54 0.252883
0.0101052 0.106339 55 0.268105
0.00935838 0.126041 53 0.283261
0.00919302 0.0870196 56 0.298054
