0.143072 0.477928 15 0.00854553
0.137082 0.488386 16 0.00918139
0.134664 0.536051 14 0.00980265
0.128137 0.442774 13 0.0103967
0.120992 0.426486 13 0.011015
0.124944 0.542736 13 0.0116241
0.119896 0.459709 12 0.0122391
0.117377 0.49292 13 0.0128482
0.116796 0.469166 12 0.0135244
0.111493 0.5309 15 0.0140995
0.111193 0.432171 13 0.0147325
0.107544 0.486622 13 0.0153493
0.104879 0.567761 12 0.0159581
0.103456 0.471838 15 0.0165718
0.103599 0.406433 15 0.0172159
0.100584 0.467017 15 0.017832
0.100738 0.465949 14 0.0184169
0.0985715 0.395993 15 0.0192004
0.0984124 0.561518 14 0.0196542
0.0955992 0.393053 15 0.0202881
0.0929734 0.474243 15 0.0209007
